0.125 9.61659864e-07 5.1068306e-05 0.0 2.23816724e-07 2.1812792e-05 0.0 
0.375 2.0493426e-06 9.712706e-05 0.0 2.538213684e-07 1.75863364e-05 0.0 
0.625 2.63305198e-06 0.000154692632 0.0 2.04295594e-07 1.65540912e-05 0.0 
0.875 2.787105344e-06 0.000232816364 0.0 2.140534772e-07 1.6933024e-05 0.0 
1.125 3.048727108e-06 0.00032577412 0.0 1.908939254e-07 1.77725024e-05 0.0 
1.375 2.987294776e-06 0.00038439598 0.0 1.9788958e-07 1.76188524e-05 0.0 
1.625 2.709939036e-06 0.000427294704 0.0 1.7138800888e-07 1.674619324e-05 0.0 
1.875 2.465851036e-06 0.000442602896 0.0 1.9418192952e-07 1.502816572e-05 0.0 
2.125 2.428059314e-06 0.0004438873 0.0 1.588422144e-07 1.279692248e-05 0.0 
2.375 1.9170602964e-06 0.000448330184 0.0 1.832112832e-07 1.073324324e-05 0.0 
2.625 1.7847974316e-06 0.000427804312 0.0 1.593980338e-07 9.53506216e-06 0.0 
2.875 1.3973023564e-06 0.000372466312 0.0 1.7580650332e-07 7.7699786e-06 0.0 
3.125 1.2527260632e-06 0.000296026956 0.0 1.77406212e-07 6.9924408e-06 0.0 
3.375 1.18215272e-06 0.000227389328 0.0 1.77090208e-07 6.30904084e-06 0.0 
3.625 1.0268715964e-06 0.000165644212 0.0 1.604328652e-07 5.78919726e-06 0.0 
3.875 9.667295816e-07 0.0001164577748 0.0 1.4989054556e-07 5.24610322e-06 0.0 
4.125 8.017772084e-07 7.72355496e-05 0.0 1.471728748e-07 4.751505236e-06 0.0 
4.375 6.5018442e-07 4.61837296e-05 0.0 1.508380688e-07 4.2726383084e-06 0.0 
4.625 7.728839156e-07 2.700312404e-05 0.0 1.517177332e-07 3.7121833832e-06 0.0 
4.875 7.178784184e-07 1.7367695e-05 0.0 1.583761368e-07 3.554694888e-06 0.0 
5.125 4.852687644e-07 1.223488032e-05 0.0 1.44701816e-07 3.405998636e-06 0.0 
5.375 6.221549152e-07 1.015393856e-05 0.0 1.509277608e-07 2.8039555284e-06 0.0 
5.625 5.285056856e-07 7.518670336e-06 0.0 1.376316992e-07 2.5308569868e-06 0.0 
5.875 4.307805928e-07 5.81227278e-06 0.0 1.307137e-07 2.5048684308e-06 0.0 
6.125 4.392120472e-07 5.096615472e-06 0.0 1.2480821e-07 2.18847066e-06 0.0 
6.375 3.783579692e-07 4.61694796e-06 0.0 1.214769712e-07 2.099697054e-06 0.0 
6.625 2.949563636e-07 4.22607952e-06 0.0 1.27006044e-07 1.7565925784e-06 0.0 
6.875 3.489016236e-07 3.98463356e-06 0.0 1.082928704e-07 1.6464327724e-06 0.0 
7.125 3.06364102e-07 3.65919368e-06 0.0 1.07405432e-07 1.5571538932e-06 0.0 
7.375 2.739527968e-07 3.35682296e-06 0.0 1.072829512e-07 1.3655373064e-06 0.0 
7.625 2.53428586e-07 3.4137586e-06 0.0 1.230083196e-07 1.4572544912e-06 0.0 
7.875 2.766864328e-07 3.2932346e-06 0.0 9.79139144e-08 9.804138548e-07 0.0 
8.125 2.451698204e-07 3.16289756e-06 0.0 9.32542092e-08 1.1335986244e-06 0.0 
8.375 2.070283204e-07 3.247143808e-06 0.0 1.000109492e-07 9.86074206e-07 0.0 
8.625 2.01062122e-07 3.04050608e-06 0.0 1.005899716e-07 9.45992804e-07 0.0 
8.875 2.196802228e-07 3.0650774e-06 0.0 8.14375272e-08 8.212873028e-07 0.0 
9.125 1.503395448e-07 2.8756262e-06 0.0 7.67561924e-08 7.232008496e-07 0.0 
9.375 1.759246832e-07 2.986414656e-06 0.0 8.29994616e-08 7.535241816e-07 0.0 
9.625 1.591121832e-07 2.919620528e-06 0.0 9.4099468e-08 9.192172392e-07 0.0 
9.875 1.41010218e-07 2.92241296e-06 0.0 1.0409051e-07 7.385958248e-07 0.0 
10.125 1.44300156e-07 2.656467352e-06 0.0 5.13361664e-08 5.681537192e-07 0.0 
10.375 1.235357512e-07 2.72726104e-06 0.0 6.86995592e-08 6.548845964e-07 0.0 
10.625 1.205729848e-07 2.719793956e-06 0.0 5.55594308e-08 6.263530976e-07 0.0 
10.875 1.178236544e-07 2.72007808e-06 0.0 4.34209232e-08 5.26588926e-07 0.0 
11.125 1.060624328e-07 2.84883056e-06 0.0 5.51841844e-08 5.080102848e-07 0.0 
11.375 1.042486024e-07 2.55935694e-06 0.0 5.48891364e-08 5.083925992e-07 0.0 
11.625 8.05965488e-08 2.53459916e-06 0.0 4.72403504e-08 6.037882288e-07 0.0 
11.875 8.45710812e-08 2.665401804e-06 0.0 5.332669e-08 5.823785472e-07 0.0 
12.125 8.7880632e-08 2.433921368e-06 0.0 3.8178602e-08 4.381415324e-07 0.0 
12.375 7.01892912e-08 2.302723736e-06 0.0 4.5553996e-08 3.383438796e-07 0.0 
12.625 5.2531554e-08 2.338219924e-06 0.0 3.70820088e-08 4.284492844e-07 0.0 
12.875 6.06128316e-08 1.954810976e-06 0.0 3.62928228e-08 3.687914884e-07 0.0 
13.125 6.98237456e-08 1.85348026e-06 0.0 3.52438528e-08 3.318578768e-07 0.0 
13.375 4.1371468e-08 1.75141378e-06 0.0 3.73575252e-08 3.614146788e-07 0.0 
13.625 5.54509844e-08 1.73031352e-06 0.0 3.37581824e-08 5.032064368e-07 0.0 
13.875 4.5275368e-08 1.5406962e-06 0.0 2.78697096e-08 3.559788604e-07 0.0 
14.125 4.90447108e-08 1.365802764e-06 0.0 2.86904524e-08 2.924339324e-07 0.0 
14.375 3.60225288e-08 1.256054376e-06 0.0 3.50078708e-08 3.839144648e-07 0.0 
14.625 3.7999224e-08 1.1175101e-06 0.0 2.66614532e-08 2.389726732e-07 0.0 
14.875 4.48238976e-08 1.0335431276e-06 0.0 4.09276488e-08 2.95703728e-07 0.0 
15.125 4.02569776e-08 9.504903296e-07 0.0 2.31155008e-08 3.520594252e-07 0.0 
15.375 3.65465244e-08 9.25689204e-07 0.0 1.88226664e-08 2.768356792e-07 0.0 
15.625 3.0670828e-08 1.110182436e-06 0.0 2.61761532e-08 3.180346012e-07 0.0 
15.875 1.859804e-08 8.7617338e-07 0.0 1.40877224e-08 2.323819396e-07 0.0 
16.125 3.5201796e-08 7.780411276e-07 0.0 1.6870824e-08 2.269093732e-07 0.0 
16.375 2.3508316e-08 7.440857804e-07 0.0 1.9173552e-08 2.347912548e-07 0.0 
16.625 2.44547e-08 8.031054228e-07 0.0 1.770946e-08 2.318120616e-07 0.0 
16.875 2.2882752e-08 7.236048136e-07 0.0 2.0019744e-08 1.97107406e-07 0.0 
17.125 2.1012036e-08 5.736318844e-07 0.0 2.221224e-08 1.595444184e-07 0.0 
17.375 2.3135208e-08 5.791600632e-07 0.0 1.3965348e-08 2.074881772e-07 0.0 
17.625 2.0094352e-08 5.772644556e-07 0.0 1.1942508e-08 2.346925208e-07 0.0 
17.875 2.2137648e-08 5.103161116e-07 0.0 1.378146e-08 2.035496956e-07 0.0 
18.125 1.75041e-08 5.257177008e-07 0.0 7.255312e-09 2.248762388e-07 0.0 
18.375 1.989638e-08 5.161691284e-07 0.0 1.7584256e-08 1.335173192e-07 0.0 
18.625 1.3763572e-08 4.626038e-07 0.0 1.20114e-08 1.584854472e-07 0.0 
18.875 1.5989652e-08 4.47553424e-07 0.0 7.968268e-09 1.64895102e-07 0.0 
19.125 1.5148964e-08 4.60386464e-07 0.0 1.1745392e-08 2.0900942e-07 0.0 
19.375 1.6360156e-08 5.14078256e-07 0.0 9.77568e-09 1.15023268e-07 0.0 
19.625 1.2136972e-08 4.74769388e-07 0.0 3.885372e-09 1.68422996e-07 0.0 
19.875 4.9555628e-08 4.21774452e-07 0.0 3.761136e-09 9.774274e-08 0.0 
20.125 1.1101668e-08 3.13056856e-07 0.0 0.0 1.50593824e-07 0.0 
20.375 1.0834676e-08 3.4737968e-07 0.0 5.703868e-09 1.39667024e-07 0.0 
20.625 1.3923892e-08 4.2019548e-07 0.0 2.846928e-09 9.1031044e-08 0.0 
20.875 6.648608e-09 3.13983268e-07 0.0 4.035808e-09 9.3773412e-08 0.0 
21.125 1.7332808e-08 2.99154852e-07 0.0 3.556572e-09 8.8033768e-08 0.0 
21.375 9.49716e-09 3.74097788e-07 0.0 5.457688e-09 8.5927684e-08 0.0 
21.625 1.0512516e-08 2.34656276e-07 0.0 4.7425e-09 7.3252464e-08 0.0 
21.875 7.146196e-09 2.66086352e-07 0.0 3.654216e-09 8.2791872e-08 0.0 
22.125 1.058456e-08 2.365691e-07 0.0 2.269716e-09 8.565184e-08 0.0 
22.375 6.755552e-09 2.40478972e-07 0.0 2.2395e-09 7.632142e-08 0.0 
22.625 8.324344e-09 2.2837232e-07 0.0 3.26384e-09 1.14299028e-07 0.0 
22.875 7.609116e-09 2.34435196e-07 0.0 5.53818e-09 1.13169892e-07 0.0 
23.125 0.0 2.36218588e-07 0.0 3.241936e-09 6.70541e-08 0.0 
23.375 4.214856e-09 2.21167324e-07 0.0 5.7984e-09 6.2389108e-08 0.0 
23.625 9.583732e-09 2.05724492e-07 0.0 5.521552e-09 7.4684704e-08 0.0 
23.875 4.433584e-09 2.21574068e-07 0.0 3.20742e-09 7.3844108e-08 0.0 
24.125 4.1291e-09 1.9854716e-07 0.0 6.138388e-09 5.4632992e-08 0.0 
24.375 1.080684e-09 1.72713672e-07 0.0 2.629604e-09 6.3726356e-08 0.0 
24.625 7.448e-09 1.9605466e-07 0.0 9.845004e-09 1.3266662e-07 0.0 
24.875 1.718892e-08 1.78207552e-07 0.0 7.245224e-09 5.9422204e-08 0.0 
25.125 2.342144e-09 1.62404304e-07 0.0 8.068124e-09 4.64585e-08 0.0 
25.375 1.905056e-09 1.61523816e-07 0.0 1.560968e-09 3.8397556e-08 0.0 
25.625 2.896148e-09 1.81995488e-07 0.0 2.72638e-09 5.6953248e-08 0.0 
25.875 2.094156e-09 1.45974192e-07 0.0 6.202284e-09 4.771898e-08 0.0 
26.125 1.090188e-09 1.60428448e-07 0.0 0.0 4.55871e-08 0.0 
26.375 1.210956e-09 1.51128828e-07 0.0 1.909032e-09 5.5400284e-08 0.0 
26.625 2.96304e-09 1.560272e-07 0.0 1.534208e-09 6.589584e-08 0.0 
26.875 0.0 1.10246048e-07 0.0 1.365952e-09 4.3325152e-08 0.0 
27.125 0.0 1.13393316e-07 0.0 8.119428e-09 3.6731928e-08 0.0 
27.375 2.366224e-09 1.11132256e-07 0.0 0.0 4.0984832e-08 0.0 
27.625 7.609064e-09 1.08270224e-07 0.0 4.02318e-09 3.9006772e-08 0.0 
27.875 0.0 9.6427056e-08 0.0 0.0 5.0746296e-08 0.0 
28.125 0.0 9.722634e-08 0.0 1.351936e-09 4.3993328e-08 0.0 
28.375 0.0 8.5410616e-08 0.0 0.0 3.295134e-08 0.0 
28.625 6.285068e-09 8.7541088e-08 0.0 3.866756e-09 3.7955064e-08 0.0 
28.875 3.976292e-09 7.3552104e-08 0.0 2.407896e-09 2.7473232e-08 0.0 
29.125 0.0 1.10430836e-07 0.0 0.0 4.5664656e-08 0.0 
29.375 0.0 1.0260278e-07 0.0 0.0 2.8652612e-08 0.0 
29.625 4.87038e-09 6.4874204e-08 0.0 0.0 2.5185932e-08 0.0 
29.875 1.722072e-09 5.6408164e-08 0.0 0.0 5.3412672e-08 0.0 
30.125 0.0 5.6943124e-08 0.0 0.0 2.84146e-08 0.0 
30.375 0.0 5.188646e-08 0.0 0.0 1.1299164e-08 0.0 
30.625 0.0 7.42751e-08 0.0 0.0 2.0799716e-08 0.0 
30.875 0.0 6.629514e-08 0.0 2.32038e-09 3.2664748e-08 0.0 
31.125 0.0 7.485782e-08 0.0 6.58688e-09 2.8124412e-08 0.0 
31.375 0.0 7.6862404e-08 0.0 0.0 1.517586e-08 0.0 
31.625 0.0 4.7588764e-08 0.0 0.0 2.0566916e-08 0.0 
31.875 2.439112e-09 6.0344876e-08 0.0 4.1834e-09 3.1415436e-08 0.0 
32.125 0.0 5.8804096e-08 0.0 0.0 2.4913008e-08 0.0 
32.375 0.0 5.5533332e-08 0.0 0.0 1.7630468e-08 0.0 
32.625 0.0 3.7652116e-08 0.0 2.55328e-09 2.0858384e-08 0.0 
32.875 0.0 4.5703692e-08 0.0 0.0 2.0110848e-08 0.0 
33.125 2.14752e-09 5.1533352e-08 0.0 0.0 5.355308e-09 0.0 
33.375 0.0 3.7919324e-08 0.0 0.0 2.1206412e-08 0.0 
33.625 0.0 3.6788116e-08 0.0 0.0 2.3824864e-08 0.0 
33.875 0.0 4.9927496e-08 0.0 2.372616e-09 1.0446072e-08 0.0 
34.125 0.0 2.1792572e-08 0.0 0.0 7.355236e-09 0.0 
34.375 0.0 2.8065572e-08 0.0 0.0 1.9026164e-08 0.0 
34.625 0.0 3.224792e-08 0.0 0.0 1.303426e-08 0.0 
34.875 0.0 5.487818e-08 0.0 0.0 8.380472e-09 0.0 
35.125 0.0 3.0936412e-08 0.0 0.0 9.692888e-09 0.0 
35.375 0.0 3.1447032e-08 0.0 0.0 9.394564e-09 0.0 
35.625 0.0 4.3439936e-08 0.0 0.0 8.637704e-09 0.0 
35.875 0.0 1.7277068e-08 0.0 0.0 1.1006796e-08 0.0 
36.125 0.0 2.2607608e-08 0.0 0.0 1.676022e-08 0.0 
36.375 0.0 2.9240888e-08 0.0 0.0 9.951068e-09 0.0 
36.625 2.483964e-09 2.0104536e-08 0.0 0.0 7.863696e-09 0.0 
36.875 0.0 1.1526308e-08 0.0 0.0 1.2153116e-08 0.0 
37.125 0.0 1.7295772e-08 0.0 0.0 7.556116e-09 0.0 
37.375 0.0 2.060824e-08 0.0 0.0 6.220848e-09 0.0 
37.625 0.0 1.391552e-08 0.0 0.0 2.1674616e-08 0.0 
37.875 0.0 2.007998e-08 0.0 0.0 2.180128e-09 0.0 
38.125 0.0 1.8480784e-08 0.0 0.0 5.4303e-09 0.0 
38.375 0.0 5.799596e-09 0.0 0.0 5.738192e-09 0.0 
38.625 0.0 1.0114468e-08 0.0 0.0 1.1098596e-08 0.0 
38.875 0.0 1.261922e-08 0.0 0.0 5.372832e-09 0.0 
39.125 0.0 2.320222e-08 0.0 0.0 5.47254e-09 0.0 
39.375 0.0 1.9817224e-08 0.0 0.0 1.2502668e-08 0.0 
39.625 0.0 1.7454464e-08 0.0 0.0 1.0561172e-08 0.0 
39.875 0.0 6.871e-09 0.0 0.0 2.782172e-09 0.0 
40.125 0.0 1.7924456e-08 0.0 0.0 1.792448e-09 0.0 
40.375 0.0 2.637652e-08 0.0 0.0 4.509248e-09 0.0 
40.625 0.0 1.4509188e-08 0.0 0.0 5.6224e-09 0.0 
40.875 0.0 1.7987128e-08 0.0 0.0 1.2458096e-08 0.0 
41.125 0.0 8.719256e-09 0.0 0.0 1.5672636e-08 0.0 
41.375 0.0 5.796488e-09 0.0 0.0 1.1912052e-08 0.0 
41.625 0.0 7.726196e-09 0.0 0.0 4.579516e-09 0.0 
41.875 0.0 1.2632788e-08 0.0 0.0 2.21986e-09 0.0 
42.125 0.0 7.370972e-09 0.0 0.0 3.044976e-09 0.0 
42.375 0.0 1.3720832e-08 0.0 0.0 0.0 0.0 
42.625 0.0 1.1116684e-08 0.0 0.0 4.747332e-09 0.0 
42.875 0.0 1.6041564e-08 0.0 0.0 0.0 0.0 
43.125 0.0 6.92238e-09 0.0 0.0 0.0 0.0 
43.375 0.0 9.72888e-09 0.0 0.0 3.79524e-09 0.0 
43.625 0.0 1.4594452e-08 0.0 0.0 0.0 0.0 
43.875 0.0 7.682096e-09 0.0 0.0 6.32256e-09 0.0 
44.125 0.0 1.022232e-08 0.0 0.0 2.427912e-09 0.0 
44.375 0.0 1.252736e-08 0.0 0.0 6.088408e-09 0.0 
44.625 0.0 7.29094e-09 0.0 0.0 2.729256e-09 0.0 
44.875 0.0 6.253032e-09 0.0 0.0 1.005976e-08 0.0 
45.125 0.0 8.122168e-09 0.0 0.0 2.809088e-09 0.0 
45.375 0.0 5.349972e-09 0.0 0.0 2.42748e-09 0.0 
45.625 0.0 2.952104e-09 0.0 0.0 0.0 0.0 
45.875 0.0 9.8007e-09 0.0 0.0 0.0 0.0 
46.125 0.0 0.0 0.0 0.0 0.0 0.0 
46.375 0.0 4.71588e-09 0.0 0.0 0.0 0.0 
46.625 0.0 1.1160644e-08 0.0 0.0 0.0 0.0 
46.875 0.0 0.0 0.0 0.0 3.01182e-09 0.0 
47.125 0.0 0.0 0.0 0.0 3.541652e-09 0.0 
47.375 0.0 3.288012e-09 0.0 0.0 0.0 0.0 
47.625 0.0 2.638388e-09 0.0 0.0 3.83572e-09 0.0 
47.875 0.0 2.634396e-09 0.0 0.0 0.0 0.0 
48.125 0.0 0.0 0.0 0.0 7.611328e-09 0.0 
48.375 0.0 3.849228e-09 0.0 0.0 5.0822e-09 0.0 
48.625 0.0 6.715168e-09 0.0 0.0 0.0 0.0 
48.875 0.0 0.0 0.0 0.0 0.0 0.0 
49.125 0.0 0.0 0.0 0.0 2.663236e-09 0.0 
49.375 0.0 0.0 0.0 0.0 2.974104e-09 0.0 
49.625 0.0 1.39654e-08 0.0 0.0 0.0 0.0 
49.875 0.0 0.0 0.0 0.0 0.0 0.0 
50.125 0.0 0.0 0.0 0.0 0.0 0.0 
50.375 0.0 0.0 0.0 0.0 3.42166e-09 0.0 
50.625 0.0 0.0 0.0 0.0 6.26052e-09 0.0 
50.875 0.0 0.0 0.0 0.0 0.0 0.0 
51.125 0.0 3.234876e-09 0.0 0.0 0.0 0.0 
51.375 0.0 0.0 0.0 0.0 0.0 0.0 
51.625 0.0 0.0 0.0 0.0 0.0 0.0 
51.875 0.0 3.896976e-09 0.0 0.0 0.0 0.0 
52.125 0.0 3.681772e-09 0.0 0.0 0.0 0.0 
52.375 0.0 2.994336e-09 0.0 0.0 0.0 0.0 
52.625 0.0 0.0 0.0 0.0 0.0 0.0 
52.875 0.0 7.687996e-09 0.0 0.0 0.0 0.0 
53.125 0.0 0.0 0.0 0.0 0.0 0.0 
53.375 0.0 0.0 0.0 0.0 0.0 0.0 
53.625 0.0 0.0 0.0 0.0 0.0 0.0 
53.875 0.0 0.0 0.0 0.0 0.0 0.0 
54.125 0.0 0.0 0.0 0.0 0.0 0.0 
54.375 0.0 4.2692e-09 0.0 0.0 0.0 0.0 
54.625 0.0 3.70684e-09 0.0 0.0 3.410648e-09 0.0 
54.875 0.0 0.0 0.0 0.0 0.0 0.0 
55.125 0.0 0.0 0.0 0.0 0.0 0.0 
55.375 0.0 0.0 0.0 0.0 0.0 0.0 
55.625 0.0 0.0 0.0 0.0 0.0 0.0 
55.875 0.0 0.0 0.0 0.0 0.0 0.0 
56.125 0.0 0.0 0.0 0.0 0.0 0.0 
56.375 0.0 0.0 0.0 0.0 0.0 0.0 
56.625 0.0 0.0 0.0 0.0 0.0 0.0 
56.875 0.0 0.0 0.0 0.0 0.0 0.0 
57.125 0.0 0.0 0.0 0.0 0.0 0.0 
57.375 0.0 0.0 0.0 0.0 0.0 0.0 
57.625 0.0 0.0 0.0 0.0 0.0 0.0 
57.875 0.0 0.0 0.0 0.0 0.0 0.0 
58.125 0.0 0.0 0.0 0.0 0.0 0.0 
58.375 0.0 0.0 0.0 0.0 0.0 0.0 
58.625 0.0 0.0 0.0 0.0 0.0 0.0 
58.875 0.0 0.0 0.0 0.0 0.0 0.0 
59.125 0.0 0.0 0.0 0.0 0.0 0.0 
59.375 0.0 0.0 0.0 0.0 0.0 0.0 
59.625 0.0 0.0 0.0 0.0 0.0 0.0 
59.875 0.0 0.0 0.0 0.0 0.0 0.0 
60.125 0.0 0.0 0.0 0.0 0.0 0.0 
60.375 0.0 0.0 0.0 0.0 0.0 0.0 
60.625 0.0 0.0 0.0 0.0 0.0 0.0 
60.875 0.0 0.0 0.0 0.0 0.0 0.0 
61.125 0.0 0.0 0.0 0.0 0.0 0.0 
61.375 0.0 0.0 0.0 0.0 0.0 0.0 
61.625 0.0 0.0 0.0 0.0 0.0 0.0 
61.875 0.0 0.0 0.0 0.0 0.0 0.0 
62.125 0.0 0.0 0.0 0.0 0.0 0.0 
62.375 0.0 0.0 0.0 0.0 0.0 0.0 
62.625 0.0 0.0 0.0 0.0 0.0 0.0 
62.875 0.0 0.0 0.0 0.0 0.0 0.0 
63.125 0.0 0.0 0.0 0.0 0.0 0.0 
63.375 0.0 0.0 0.0 0.0 0.0 0.0 
63.625 0.0 0.0 0.0 0.0 0.0 0.0 
63.875 0.0 0.0 0.0 0.0 0.0 0.0 
64.125 0.0 0.0 0.0 0.0 0.0 0.0 
64.375 0.0 0.0 0.0 0.0 0.0 0.0 
64.625 0.0 0.0 0.0 0.0 0.0 0.0 
64.875 0.0 0.0 0.0 0.0 0.0 0.0 
65.125 0.0 0.0 0.0 0.0 0.0 0.0 
65.375 0.0 0.0 0.0 0.0 0.0 0.0 
65.625 0.0 0.0 0.0 0.0 0.0 0.0 
65.875 0.0 0.0 0.0 0.0 0.0 0.0 
66.125 0.0 0.0 0.0 0.0 0.0 0.0 
66.375 0.0 0.0 0.0 0.0 0.0 0.0 
66.625 0.0 0.0 0.0 0.0 0.0 0.0 
66.875 0.0 0.0 0.0 0.0 0.0 0.0 
67.125 0.0 0.0 0.0 0.0 0.0 0.0 
67.375 0.0 0.0 0.0 0.0 0.0 0.0 
67.625 0.0 0.0 0.0 0.0 0.0 0.0 
67.875 0.0 0.0 0.0 0.0 0.0 0.0 
68.125 0.0 0.0 0.0 0.0 0.0 0.0 
68.375 0.0 0.0 0.0 0.0 0.0 0.0 
68.625 0.0 0.0 0.0 0.0 0.0 0.0 
68.875 0.0 0.0 0.0 0.0 0.0 0.0 
69.125 0.0 0.0 0.0 0.0 0.0 0.0 
69.375 0.0 0.0 0.0 0.0 0.0 0.0 
69.625 0.0 0.0 0.0 0.0 0.0 0.0 
69.875 0.0 0.0 0.0 0.0 0.0 0.0 
70.125 0.0 0.0 0.0 0.0 0.0 0.0 
70.375 0.0 0.0 0.0 0.0 0.0 0.0 
70.625 0.0 0.0 0.0 0.0 0.0 0.0 
70.875 0.0 0.0 0.0 0.0 0.0 0.0 
71.125 0.0 0.0 0.0 0.0 0.0 0.0 
71.375 0.0 0.0 0.0 0.0 0.0 0.0 
71.625 0.0 0.0 0.0 0.0 0.0 0.0 
71.875 0.0 0.0 0.0 0.0 0.0 0.0 
72.125 0.0 0.0 0.0 0.0 0.0 0.0 
72.375 0.0 0.0 0.0 0.0 0.0 0.0 
72.625 0.0 0.0 0.0 0.0 0.0 0.0 
72.875 0.0 0.0 0.0 0.0 0.0 0.0 
73.125 0.0 0.0 0.0 0.0 0.0 0.0 
73.375 0.0 0.0 0.0 0.0 0.0 0.0 
73.625 0.0 0.0 0.0 0.0 0.0 0.0 
73.875 0.0 0.0 0.0 0.0 0.0 0.0 
74.125 0.0 0.0 0.0 0.0 0.0 0.0 
74.375 0.0 0.0 0.0 0.0 0.0 0.0 
74.625 0.0 0.0 0.0 0.0 0.0 0.0 
74.875 0.0 0.0 0.0 0.0 0.0 0.0 
75.125 0.0 0.0 0.0 0.0 0.0 0.0 
75.375 0.0 0.0 0.0 0.0 0.0 0.0 
75.625 0.0 0.0 0.0 0.0 0.0 0.0 
75.875 0.0 0.0 0.0 0.0 0.0 0.0 
76.125 0.0 0.0 0.0 0.0 0.0 0.0 
76.375 0.0 0.0 0.0 0.0 0.0 0.0 
76.625 0.0 0.0 0.0 0.0 0.0 0.0 
76.875 0.0 0.0 0.0 0.0 0.0 0.0 
77.125 0.0 0.0 0.0 0.0 0.0 0.0 
77.375 0.0 0.0 0.0 0.0 0.0 0.0 
77.625 0.0 0.0 0.0 0.0 0.0 0.0 
77.875 0.0 0.0 0.0 0.0 0.0 0.0 
78.125 0.0 0.0 0.0 0.0 0.0 0.0 
78.375 0.0 0.0 0.0 0.0 0.0 0.0 
78.625 0.0 0.0 0.0 0.0 0.0 0.0 
78.875 0.0 0.0 0.0 0.0 0.0 0.0 
79.125 0.0 0.0 0.0 0.0 0.0 0.0 
79.375 0.0 0.0 0.0 0.0 0.0 0.0 
79.625 0.0 0.0 0.0 0.0 0.0 0.0 
79.875 0.0 0.0 0.0 0.0 0.0 0.0 
80.125 0.0 0.0 0.0 0.0 0.0 0.0 
80.375 0.0 0.0 0.0 0.0 0.0 0.0 
80.625 0.0 0.0 0.0 0.0 0.0 0.0 
80.875 0.0 0.0 0.0 0.0 0.0 0.0 
81.125 0.0 0.0 0.0 0.0 0.0 0.0 
81.375 0.0 0.0 0.0 0.0 0.0 0.0 
81.625 0.0 0.0 0.0 0.0 0.0 0.0 
81.875 0.0 0.0 0.0 0.0 0.0 0.0 
82.125 0.0 0.0 0.0 0.0 0.0 0.0 
82.375 0.0 0.0 0.0 0.0 0.0 0.0 
82.625 0.0 0.0 0.0 0.0 0.0 0.0 
82.875 0.0 0.0 0.0 0.0 0.0 0.0 
83.125 0.0 0.0 0.0 0.0 0.0 0.0 
83.375 0.0 0.0 0.0 0.0 0.0 0.0 
83.625 0.0 0.0 0.0 0.0 0.0 0.0 
83.875 0.0 0.0 0.0 0.0 0.0 0.0 
84.125 0.0 0.0 0.0 0.0 0.0 0.0 
84.375 0.0 0.0 0.0 0.0 0.0 0.0 
84.625 0.0 0.0 0.0 0.0 0.0 0.0 
84.875 0.0 0.0 0.0 0.0 0.0 0.0 
85.125 0.0 0.0 0.0 0.0 0.0 0.0 
85.375 0.0 0.0 0.0 0.0 0.0 0.0 
85.625 0.0 0.0 0.0 0.0 0.0 0.0 
85.875 0.0 0.0 0.0 0.0 0.0 0.0 
86.125 0.0 0.0 0.0 0.0 0.0 0.0 
86.375 0.0 0.0 0.0 0.0 0.0 0.0 
86.625 0.0 0.0 0.0 0.0 0.0 0.0 
86.875 0.0 0.0 0.0 0.0 0.0 0.0 
87.125 0.0 0.0 0.0 0.0 0.0 0.0 
87.375 0.0 0.0 0.0 0.0 0.0 0.0 
87.625 0.0 0.0 0.0 0.0 0.0 0.0 
87.875 0.0 0.0 0.0 0.0 0.0 0.0 
88.125 0.0 0.0 0.0 0.0 0.0 0.0 
88.375 0.0 0.0 0.0 0.0 0.0 0.0 
88.625 0.0 0.0 0.0 0.0 0.0 0.0 
88.875 0.0 0.0 0.0 0.0 0.0 0.0 
89.125 0.0 0.0 0.0 0.0 0.0 0.0 
89.375 0.0 0.0 0.0 0.0 0.0 0.0 
89.625 0.0 0.0 0.0 0.0 0.0 0.0 
89.875 0.0 0.0 0.0 0.0 0.0 0.0 
90.125 0.0 0.0 0.0 0.0 0.0 0.0 
90.375 0.0 0.0 0.0 0.0 0.0 0.0 
90.625 0.0 0.0 0.0 0.0 0.0 0.0 
90.875 0.0 0.0 0.0 0.0 0.0 0.0 
91.125 0.0 0.0 0.0 0.0 0.0 0.0 
91.375 0.0 0.0 0.0 0.0 0.0 0.0 
91.625 0.0 0.0 0.0 0.0 0.0 0.0 
91.875 0.0 0.0 0.0 0.0 0.0 0.0 
92.125 0.0 0.0 0.0 0.0 0.0 0.0 
92.375 0.0 0.0 0.0 0.0 0.0 0.0 
92.625 0.0 0.0 0.0 0.0 0.0 0.0 
92.875 0.0 0.0 0.0 0.0 0.0 0.0 
93.125 0.0 0.0 0.0 0.0 0.0 0.0 
93.375 0.0 0.0 0.0 0.0 0.0 0.0 
93.625 0.0 0.0 0.0 0.0 0.0 0.0 
93.875 0.0 0.0 0.0 0.0 0.0 0.0 
94.125 0.0 0.0 0.0 0.0 0.0 0.0 
94.375 0.0 0.0 0.0 0.0 0.0 0.0 
94.625 0.0 0.0 0.0 0.0 0.0 0.0 
94.875 0.0 0.0 0.0 0.0 0.0 0.0 
95.125 0.0 0.0 0.0 0.0 0.0 0.0 
95.375 0.0 0.0 0.0 0.0 0.0 0.0 
95.625 0.0 0.0 0.0 0.0 0.0 0.0 
95.875 0.0 0.0 0.0 0.0 0.0 0.0 
96.125 0.0 0.0 0.0 0.0 0.0 0.0 
96.375 0.0 0.0 0.0 0.0 0.0 0.0 
96.625 0.0 0.0 0.0 0.0 0.0 0.0 
96.875 0.0 0.0 0.0 0.0 0.0 0.0 
97.125 0.0 0.0 0.0 0.0 0.0 0.0 
97.375 0.0 0.0 0.0 0.0 0.0 0.0 
97.625 0.0 0.0 0.0 0.0 0.0 0.0 
97.875 0.0 0.0 0.0 0.0 0.0 0.0 
98.125 0.0 0.0 0.0 0.0 0.0 0.0 
98.375 0.0 0.0 0.0 0.0 0.0 0.0 
98.625 0.0 0.0 0.0 0.0 0.0 0.0 
98.875 0.0 0.0 0.0 0.0 0.0 0.0 
99.125 0.0 0.0 0.0 0.0 0.0 0.0 
99.375 0.0 0.0 0.0 0.0 0.0 0.0 
99.625 0.0 0.0 0.0 0.0 0.0 0.0 
99.875 0.0 0.0 0.0 0.0 0.0 0.0 
100.125 0.0 0.0 0.0 0.0 0.0 0.0 
100.375 0.0 0.0 0.0 0.0 0.0 0.0 
100.625 0.0 0.0 0.0 0.0 0.0 0.0 
100.875 0.0 0.0 0.0 0.0 0.0 0.0 
101.125 0.0 0.0 0.0 0.0 0.0 0.0 
101.375 0.0 0.0 0.0 0.0 0.0 0.0 
101.625 0.0 0.0 0.0 0.0 0.0 0.0 
101.875 0.0 0.0 0.0 0.0 0.0 0.0 
102.125 0.0 0.0 0.0 0.0 0.0 0.0 
102.375 0.0 0.0 0.0 0.0 0.0 0.0 
102.625 0.0 0.0 0.0 0.0 0.0 0.0 
102.875 0.0 0.0 0.0 0.0 0.0 0.0 
103.125 0.0 0.0 0.0 0.0 0.0 0.0 
103.375 0.0 0.0 0.0 0.0 0.0 0.0 
103.625 0.0 0.0 0.0 0.0 0.0 0.0 
103.875 0.0 0.0 0.0 0.0 0.0 0.0 
104.125 0.0 0.0 0.0 0.0 0.0 0.0 
104.375 0.0 0.0 0.0 0.0 0.0 0.0 
104.625 0.0 0.0 0.0 0.0 0.0 0.0 
104.875 0.0 0.0 0.0 0.0 0.0 0.0 
105.125 0.0 0.0 0.0 0.0 0.0 0.0 
105.375 0.0 0.0 0.0 0.0 0.0 0.0 
105.625 0.0 0.0 0.0 0.0 0.0 0.0 
105.875 0.0 0.0 0.0 0.0 0.0 0.0 
106.125 0.0 0.0 0.0 0.0 0.0 0.0 
106.375 0.0 0.0 0.0 0.0 0.0 0.0 
106.625 0.0 0.0 0.0 0.0 0.0 0.0 
106.875 0.0 0.0 0.0 0.0 0.0 0.0 
107.125 0.0 0.0 0.0 0.0 0.0 0.0 
107.375 0.0 0.0 0.0 0.0 0.0 0.0 
107.625 0.0 0.0 0.0 0.0 0.0 0.0 
107.875 0.0 0.0 0.0 0.0 0.0 0.0 
108.125 0.0 0.0 0.0 0.0 0.0 0.0 
108.375 0.0 0.0 0.0 0.0 0.0 0.0 
108.625 0.0 0.0 0.0 0.0 0.0 0.0 
108.875 0.0 0.0 0.0 0.0 0.0 0.0 
109.125 0.0 0.0 0.0 0.0 0.0 0.0 
109.375 0.0 0.0 0.0 0.0 0.0 0.0 
109.625 0.0 0.0 0.0 0.0 0.0 0.0 
109.875 0.0 0.0 0.0 0.0 0.0 0.0 
110.125 0.0 0.0 0.0 0.0 0.0 0.0 
110.375 0.0 0.0 0.0 0.0 0.0 0.0 
110.625 0.0 0.0 0.0 0.0 0.0 0.0 
110.875 0.0 0.0 0.0 0.0 0.0 0.0 
111.125 0.0 0.0 0.0 0.0 0.0 0.0 
111.375 0.0 0.0 0.0 0.0 0.0 0.0 
111.625 0.0 0.0 0.0 0.0 0.0 0.0 
111.875 0.0 0.0 0.0 0.0 0.0 0.0 
112.125 0.0 0.0 0.0 0.0 0.0 0.0 
112.375 0.0 0.0 0.0 0.0 0.0 0.0 
112.625 0.0 0.0 0.0 0.0 0.0 0.0 
112.875 0.0 0.0 0.0 0.0 0.0 0.0 
113.125 0.0 0.0 0.0 0.0 0.0 0.0 
113.375 0.0 0.0 0.0 0.0 0.0 0.0 
113.625 0.0 0.0 0.0 0.0 0.0 0.0 
113.875 0.0 0.0 0.0 0.0 0.0 0.0 
114.125 0.0 0.0 0.0 0.0 0.0 0.0 
114.375 0.0 0.0 0.0 0.0 0.0 0.0 
114.625 0.0 0.0 0.0 0.0 0.0 0.0 
114.875 0.0 0.0 0.0 0.0 0.0 0.0 
115.125 0.0 0.0 0.0 0.0 0.0 0.0 
115.375 0.0 0.0 0.0 0.0 0.0 0.0 
115.625 0.0 0.0 0.0 0.0 0.0 0.0 
115.875 0.0 0.0 0.0 0.0 0.0 0.0 
116.125 0.0 0.0 0.0 0.0 0.0 0.0 
116.375 0.0 0.0 0.0 0.0 0.0 0.0 
116.625 0.0 0.0 0.0 0.0 0.0 0.0 
116.875 0.0 0.0 0.0 0.0 0.0 0.0 
117.125 0.0 0.0 0.0 0.0 0.0 0.0 
117.375 0.0 0.0 0.0 0.0 0.0 0.0 
117.625 0.0 0.0 0.0 0.0 0.0 0.0 
117.875 0.0 0.0 0.0 0.0 0.0 0.0 
118.125 0.0 0.0 0.0 0.0 0.0 0.0 
118.375 0.0 0.0 0.0 0.0 0.0 0.0 
118.625 0.0 0.0 0.0 0.0 0.0 0.0 
118.875 0.0 0.0 0.0 0.0 0.0 0.0 
119.125 0.0 0.0 0.0 0.0 0.0 0.0 
119.375 0.0 0.0 0.0 0.0 0.0 0.0 
119.625 0.0 0.0 0.0 0.0 0.0 0.0 
119.875 0.0 0.0 0.0 0.0 0.0 0.0 
120.125 0.0 0.0 0.0 0.0 0.0 0.0 
120.375 0.0 0.0 0.0 0.0 0.0 0.0 
120.625 0.0 0.0 0.0 0.0 0.0 0.0 
120.875 0.0 0.0 0.0 0.0 0.0 0.0 
121.125 0.0 0.0 0.0 0.0 0.0 0.0 
121.375 0.0 0.0 0.0 0.0 0.0 0.0 
121.625 0.0 0.0 0.0 0.0 0.0 0.0 
121.875 0.0 0.0 0.0 0.0 0.0 0.0 
122.125 0.0 0.0 0.0 0.0 0.0 0.0 
122.375 0.0 0.0 0.0 0.0 0.0 0.0 
122.625 0.0 0.0 0.0 0.0 0.0 0.0 
122.875 0.0 0.0 0.0 0.0 0.0 0.0 
123.125 0.0 0.0 0.0 0.0 0.0 0.0 
123.375 0.0 0.0 0.0 0.0 0.0 0.0 
123.625 0.0 0.0 0.0 0.0 0.0 0.0 
123.875 0.0 0.0 0.0 0.0 0.0 0.0 
124.125 0.0 0.0 0.0 0.0 0.0 0.0 
124.375 0.0 0.0 0.0 0.0 0.0 0.0 
124.625 0.0 0.0 0.0 0.0 0.0 0.0 
124.875 0.0 0.0 0.0 0.0 0.0 0.0 
125.125 0.0 0.0 0.0 0.0 0.0 0.0 
