0.125 1.35284508907e-06 6.83178360324e-05 0.0 3.25118097166e-07 3.08985489879e-05 0.0 
0.375 2.74436635628e-06 0.000130831757085 0.0 3.67698870445e-07 2.61260688259e-05 0.0 
0.625 3.52739589474e-06 0.000209660125506 0.0 3.30555500405e-07 2.53381947368e-05 0.0 
0.875 4.04217786235e-06 0.000315454558704 0.0 3.34628463968e-07 2.63276469636e-05 0.0 
1.125 4.08053321862e-06 0.000439064097166 0.0 2.84971315385e-07 2.80307688259e-05 0.0 
1.375 4.14957169231e-06 0.000518546603239 0.0 2.69758207287e-07 2.79061263158e-05 0.0 
1.625 3.85965821457e-06 0.000577708303644 0.0 2.94328190283e-07 2.73886740891e-05 0.0 
1.875 3.43357509312e-06 0.000610016093117 0.0 2.53187304453e-07 2.49400842105e-05 0.0 
2.125 3.03752466397e-06 0.000616851647773 0.0 2.65984138866e-07 2.15122076923e-05 0.0 
2.375 2.95658772065e-06 0.000628310060729 0.0 2.63406288259e-07 1.86470866397e-05 0.0 
2.625 2.53984197166e-06 0.000595989259109 0.0 2.34763576559e-07 1.6774304251e-05 0.0 
2.875 2.38832072065e-06 0.000510036016194 0.0 2.70067147935e-07 1.39568280567e-05 0.0 
3.125 1.87075056275e-06 0.000405515878543 0.0 2.90991535223e-07 1.28900897571e-05 0.0 
3.375 1.72274108502e-06 0.00030648062753 0.0 2.4565140247e-07 1.1423335668e-05 0.0 
3.625 1.59933622267e-06 0.000222626384615 0.0 2.60145069231e-07 1.05926995951e-05 0.0 
3.875 1.46702477733e-06 0.000158997441296 0.0 2.81908315789e-07 9.60556862348e-06 0.0 
4.125 1.39371146154e-06 0.000103363016194 0.0 2.77806845749e-07 8.95769218623e-06 0.0 
4.375 1.10020897166e-06 6.4830517004e-05 0.0 2.71855000405e-07 8.21054635628e-06 0.0 
4.625 1.19275986761e-06 3.96373149798e-05 0.0 2.57293044939e-07 7.59232829555e-06 0.0 
4.875 9.53668678138e-07 2.63601558704e-05 0.0 2.59778489474e-07 6.89961072874e-06 0.0 
5.125 8.29375659514e-07 1.97017811336e-05 0.0 2.75299510121e-07 6.43903776923e-06 0.0 
5.375 7.24175716194e-07 1.6374740081e-05 0.0 2.40376653441e-07 6.12697478947e-06 0.0 
5.625 7.34890644939e-07 1.31676037247e-05 0.0 2.57270437652e-07 5.71742725506e-06 0.0 
5.875 6.86446939676e-07 1.07292940081e-05 0.0 2.45928776518e-07 5.15931577733e-06 0.0 
6.125 6.96052725506e-07 9.07181368421e-06 0.0 2.44409684211e-07 4.6275484251e-06 0.0 
6.375 6.27270276923e-07 8.48673582996e-06 0.0 2.25647035628e-07 4.79695741296e-06 0.0 
6.625 5.94891236032e-07 7.85698635628e-06 0.0 2.21049677328e-07 4.09658723077e-06 0.0 
6.875 5.88793148988e-07 7.39194870445e-06 0.0 2.03926721053e-07 3.54876239676e-06 0.0 
7.125 4.8573934332e-07 7.12433919028e-06 0.0 2.22418911741e-07 3.28932896761e-06 0.0 
7.375 4.86914067611e-07 6.32595198381e-06 0.0 2.05956437247e-07 3.16548868421e-06 0.0 
7.625 4.969605583e-07 6.30244866397e-06 0.0 2.02545192713e-07 3.03413075709e-06 0.0 
7.875 5.10719828745e-07 6.03521271255e-06 0.0 1.94046073279e-07 2.88563410121e-06 0.0 
8.125 4.41795628745e-07 6.00030502024e-06 0.0 1.79889418623e-07 2.58179269676e-06 0.0 
8.375 3.869661417e-07 5.79444036437e-06 0.0 1.8829667166e-07 2.27064768097e-06 0.0 
8.625 3.47029032794e-07 5.75818238866e-06 0.0 1.85377606478e-07 2.51022687449e-06 0.0 
8.875 3.73394836032e-07 5.31498202429e-06 0.0 1.70243396356e-07 2.08409975709e-06 0.0 
9.125 3.62427946559e-07 5.30395554656e-06 0.0 1.64183412551e-07 2.04763344008e-06 0.0 
9.375 3.20512883806e-07 5.16700995951e-06 0.0 1.65887388664e-07 1.82548673279e-06 0.0 
9.625 3.09691496356e-07 5.31346263158e-06 0.0 1.75700212551e-07 1.85465766356e-06 0.0 
9.875 2.89340883401e-07 4.98647129555e-06 0.0 1.79529698785e-07 1.62014399676e-06 0.0 
10.125 3.2527927085e-07 5.14410052632e-06 0.0 1.73218948988e-07 1.76417067733e-06 0.0 
10.375 2.50855078138e-07 5.10940753036e-06 0.0 2.07961606073e-07 1.81437348138e-06 0.0 
10.625 2.32066733198e-07 4.86293016194e-06 0.0 1.17193437247e-07 1.71065116073e-06 0.0 
10.875 2.47885991903e-07 4.87817546559e-06 0.0 1.34374874494e-07 1.5194228e-06 0.0 
11.125 2.3537878502e-07 5.11963684211e-06 0.0 1.40102189069e-07 1.29358249514e-06 0.0 
11.375 1.80490918623e-07 4.4320182996e-06 0.0 1.65023038866e-07 1.45847670283e-06 0.0 
11.625 1.91856697976e-07 4.45550161943e-06 0.0 1.24996087449e-07 1.72789294939e-06 0.0 
11.875 1.83690597571e-07 4.58095967611e-06 0.0 1.34149554656e-07 1.3609628583e-06 0.0 
12.125 1.88056015385e-07 4.45791587045e-06 0.0 1.02957240486e-07 1.25616068057e-06 0.0 
12.375 1.90316582996e-07 4.29045817814e-06 0.0 1.053575417e-07 1.22802011619e-06 0.0 
12.625 1.46015039676e-07 3.78479202429e-06 0.0 1.20393792308e-07 1.33018725425e-06 0.0 
12.875 1.84651441296e-07 3.78226178138e-06 0.0 1.08233480567e-07 1.34868854413e-06 0.0 
13.125 1.53860979757e-07 3.43745263158e-06 0.0 1.01904098381e-07 1.16269741174e-06 0.0 
13.375 1.66637387854e-07 3.36144789474e-06 0.0 9.11452781377e-08 1.19725617247e-06 0.0 
13.625 1.42773438057e-07 3.26476955466e-06 0.0 6.9181405668e-08 1.27763456802e-06 0.0 
13.875 1.2651827004e-07 2.7403917004e-06 0.0 7.3883040081e-08 1.04057810891e-06 0.0 
14.125 1.26420167206e-07 2.71277902834e-06 0.0 8.95553919028e-08 9.11125495951e-07 0.0 
14.375 1.0318127166e-07 2.54635355466e-06 0.0 8.09461809717e-08 1.01134332915e-06 0.0 
14.625 1.1170327085e-07 2.4687544251e-06 0.0 7.14122024291e-08 8.9623709919e-07 0.0 
14.875 1.04041161134e-07 2.1216519919e-06 0.0 6.35457935223e-08 7.8481200081e-07 0.0 
15.125 1.05838163563e-07 2.07188837247e-06 0.0 6.04176473684e-08 9.4424082915e-07 0.0 
15.375 1.17475963563e-07 2.00325531579e-06 0.0 6.39383149798e-08 8.89758592713e-07 0.0 
15.625 8.08359712551e-08 1.93675638462e-06 0.0 7.76587101215e-08 7.41663523482e-07 0.0 
15.875 8.81283259109e-08 1.83585352227e-06 0.0 7.9656865587e-08 7.63448451417e-07 0.0 
16.125 8.04288157895e-08 1.69754490283e-06 0.0 5.63845060729e-08 5.69691193927e-07 0.0 
16.375 8.3159242915e-08 1.65964401619e-06 0.0 6.74135198381e-08 6.16335872874e-07 0.0 
16.625 6.43228218623e-08 1.68314165182e-06 0.0 5.43390364372e-08 7.05509661538e-07 0.0 
16.875 5.5554854251e-08 1.53833923887e-06 0.0 4.2556659919e-08 6.04968480972e-07 0.0 
17.125 7.03263441296e-08 1.4291747247e-06 0.0 3.52016761134e-08 7.4836288583e-07 0.0 
17.375 6.86649473684e-08 1.51133061134e-06 0.0 5.48275910931e-08 6.52695612551e-07 0.0 
17.625 6.16794048583e-08 1.41043415789e-06 0.0 3.8940611336e-08 5.79683931174e-07 0.0 
17.875 5.90465101215e-08 1.44971260729e-06 0.0 5.11174251012e-08 6.43547012955e-07 0.0 
18.125 4.57625101215e-08 1.27017252227e-06 0.0 5.44916963563e-08 5.62289282996e-07 0.0 
18.375 4.97726558704e-08 1.2513391498e-06 0.0 3.237048583e-08 4.15642021862e-07 0.0 
18.625 5.73674412955e-08 1.05747368826e-06 0.0 5.13656558704e-08 4.69345193927e-07 0.0 
18.875 4.35661093117e-08 9.85853222672e-07 0.0 5.81489311741e-08 7.4576065668e-07 0.0 
19.125 3.94702672065e-08 1.45515919028e-06 0.0 3.88335060729e-08 5.04749591498e-07 0.0 
19.375 4.78507611336e-08 1.06932542105e-06 0.0 2.41959311741e-08 5.6504602834e-07 0.0 
19.625 4.01080526316e-08 9.80782125506e-07 0.0 3.87295951417e-08 4.51471510121e-07 0.0 
19.875 4.36711659919e-08 1.11425836842e-06 0.0 2.70997165992e-08 6.44684647773e-07 0.0 
20.125 3.53455384615e-08 9.48445878543e-07 0.0 3.54007206478e-08 3.05064518219e-07 0.0 
20.375 4.20408785425e-08 1.05693017004e-06 0.0 2.98032145749e-08 2.97987238866e-07 0.0 
20.625 2.80848097166e-08 9.61142554656e-07 0.0 3.93453117409e-08 4.13462121457e-07 0.0 
20.875 2.34536153846e-08 1.03795074089e-06 0.0 2.88183076923e-08 4.24587149798e-07 0.0 
21.125 3.53430364372e-08 9.27169506073e-07 0.0 3.25668987854e-08 4.30111688259e-07 0.0 
21.375 3.25811052632e-08 7.91396461538e-07 0.0 2.35405303644e-08 3.02899105263e-07 0.0 
21.625 4.24255465587e-08 9.22919834008e-07 0.0 2.17395101215e-08 5.41564360324e-07 0.0 
21.875 2.15926396761e-08 7.43722817814e-07 0.0 4.06284291498e-08 2.75895149798e-07 0.0 
22.125 2.42741376518e-08 6.73484643725e-07 0.0 1.99790161943e-08 4.7220597166e-07 0.0 
22.375 3.01129919028e-08 8.18976068826e-07 0.0 1.82012672065e-08 4.50966117409e-07 0.0 
22.625 1.68035020243e-08 8.63594352227e-07 0.0 1.36508987854e-08 2.88927935223e-07 0.0 
22.875 3.86710242915e-08 7.82230874494e-07 0.0 2.24284939271e-08 3.91423635628e-07 0.0 
23.125 2.04683724696e-08 7.29709279352e-07 0.0 3.42196761134e-08 4.67588388664e-07 0.0 
23.375 1.57487408907e-08 7.08190093117e-07 0.0 1.65251417004e-08 2.46506412955e-07 0.0 
23.625 2.17570931174e-08 6.19160574899e-07 0.0 2.22941174089e-08 3.08756611336e-07 0.0 
23.875 2.08627651822e-08 5.43704643725e-07 0.0 2.38813927126e-08 2.29603732794e-07 0.0 
24.125 1.51462753036e-08 5.07713186235e-07 0.0 5.49538866397e-09 2.1205454251e-07 0.0 
24.375 2.68342064777e-08 5.89067157895e-07 0.0 2.31845384615e-08 2.50812311741e-07 0.0 
24.625 9.75618218623e-09 5.80777303644e-07 0.0 7.64641295547e-09 2.47418234818e-07 0.0 
24.875 2.43394129555e-08 5.93369651822e-07 0.0 1.57327651822e-08 2.02936352227e-07 0.0 
25.125 8.99291093117e-09 5.08656315789e-07 0.0 1.77759392713e-08 2.03898550607e-07 0.0 
25.375 1.17497004049e-08 6.40521615385e-07 0.0 8.79892307692e-09 2.80718222672e-07 0.0 
25.625 1.89709554656e-08 5.25066080972e-07 0.0 2.1636582996e-08 1.73946008097e-07 0.0 
25.875 2.31309595142e-08 3.91879708502e-07 0.0 1.07425546559e-08 2.6145405668e-07 0.0 
26.125 1.63185020243e-08 4.11924101215e-07 0.0 9.74753441296e-09 2.05174765182e-07 0.0 
26.375 1.64126477733e-08 4.38109898785e-07 0.0 1.59881538462e-08 1.9922991498e-07 0.0 
26.625 1.6375437247e-08 4.19140048583e-07 0.0 1.76272995951e-08 2.38711773279e-07 0.0 
26.875 2.44681538462e-08 3.88571866397e-07 0.0 1.37145910931e-08 1.83677469636e-07 0.0 
27.125 0.0 4.61092554656e-07 0.0 1.19502348178e-08 1.75093105263e-07 0.0 
27.375 1.5158902834e-08 3.24655931174e-07 0.0 3.48126315789e-09 1.58280635628e-07 0.0 
27.625 1.06395425101e-08 3.49698761134e-07 0.0 5.63196356275e-09 1.771138583e-07 0.0 
27.875 1.03838299595e-08 3.61308983806e-07 0.0 9.34057489879e-09 1.39983979757e-07 0.0 
28.125 1.42186315789e-08 3.64387493927e-07 0.0 5.99396356275e-09 1.32083198381e-07 0.0 
28.375 2.70102226721e-08 3.49082995951e-07 0.0 1.57372995951e-08 1.46180995951e-07 0.0 
28.625 1.54906842105e-08 4.1959037247e-07 0.0 7.37282591093e-09 1.44772109312e-07 0.0 
28.875 1.32451255061e-08 3.71246279352e-07 0.0 1.23158218623e-08 2.5998442915e-07 0.0 
29.125 6.07427530364e-09 2.89062947368e-07 0.0 0.0 1.12444194332e-07 0.0 
29.375 1.11023951417e-07 4.17450016194e-07 0.0 1.61652064777e-08 1.45680129555e-07 0.0 
29.625 1.45151133603e-08 2.9948845749e-07 0.0 3.74841295547e-09 2.77500502024e-07 0.0 
29.875 2.04238299595e-08 2.25794425101e-07 0.0 1.47642226721e-08 1.23674663968e-07 0.0 
30.125 2.26909271255e-08 2.62389137652e-07 0.0 0.0 1.26166801619e-07 0.0 
30.375 8.35424696356e-09 2.62529020243e-07 0.0 9.71521862348e-09 2.89145012146e-07 0.0 
30.625 9.51094736842e-09 2.35236255061e-07 0.0 1.0273e-08 1.08831906883e-07 0.0 
30.875 1.23492469636e-08 2.49946020243e-07 0.0 1.78004453441e-09 1.4486902834e-07 0.0 
31.125 1.80621862348e-09 2.44141639676e-07 0.0 8.08388259109e-09 1.12948149798e-07 0.0 
31.375 5.87306882591e-09 4.06108481781e-07 0.0 2.8651659919e-09 1.04165538462e-07 0.0 
31.625 9.74500809717e-09 2.11771295547e-07 0.0 0.0 1.03041186235e-07 0.0 
31.875 9.52369230769e-09 2.19941202429e-07 0.0 8.14100404858e-09 1.26229473684e-07 0.0 
32.125 0.0 2.10849676113e-07 0.0 2.31601214575e-09 1.03515842105e-07 0.0 
32.375 4.1005708502e-09 1.8332202834e-07 0.0 5.95540890688e-09 1.03795995951e-07 0.0 
32.625 5.47190688259e-09 1.98679238866e-07 0.0 1.8048097166e-09 9.1152145749e-08 0.0 
32.875 0.0 2.09563951417e-07 0.0 4.37822267206e-09 1.02751161943e-07 0.0 
33.125 2.06347368421e-09 1.76517898785e-07 0.0 2.58137651822e-09 2.37689125506e-07 0.0 
33.375 9.32511336032e-09 1.82490890688e-07 0.0 0.0 7.60772834008e-08 0.0 
33.625 0.0 2.32790105263e-07 0.0 3.75048987854e-09 9.88770728745e-08 0.0 
33.875 8.42975708502e-09 1.84363983806e-07 0.0 0.0 8.93147408907e-08 0.0 
34.125 3.51667206478e-09 1.73097744939e-07 0.0 0.0 7.65556842105e-08 0.0 
34.375 2.91982591093e-09 1.6199554251e-07 0.0 2.42882186235e-09 1.0777040081e-07 0.0 
34.625 0.0 1.80783376518e-07 0.0 9.10032388664e-09 9.49068218623e-08 0.0 
34.875 4.35739676113e-09 1.79694825911e-07 0.0 8.42449797571e-09 9.44637611336e-08 0.0 
35.125 4.89473684211e-09 1.84034348178e-07 0.0 0.0 1.0307640081e-07 0.0 
35.375 1.09592631579e-08 1.53080287449e-07 0.0 4.41165991903e-09 1.0794245749e-07 0.0 
35.625 0.0 2.60395712551e-07 0.0 0.0 7.24034696356e-08 0.0 
35.875 9.21201619433e-09 1.39145117409e-07 0.0 0.0 1.01582194332e-07 0.0 
36.125 7.87583805668e-09 1.02287198381e-07 0.0 3.53642510121e-09 8.3420611336e-08 0.0 
36.375 6.21105263158e-09 1.36895186235e-07 0.0 8.34665182186e-09 8.63448502024e-08 0.0 
36.625 6.1105951417e-09 1.49334149798e-07 0.0 3.46222672065e-09 6.23322145749e-08 0.0 
36.875 3.93172064777e-09 1.5680934413e-07 0.0 0.0 7.23340769231e-08 0.0 
37.125 3.79594736842e-09 1.03897080972e-07 0.0 0.0 9.57241133603e-08 0.0 
37.375 0.0 1.44342951417e-07 0.0 1.40481902834e-08 6.99025587045e-08 0.0 
37.625 2.11839271255e-09 1.18368068826e-07 0.0 9.03887854251e-09 6.59679838057e-08 0.0 
37.875 0.0 1.24704214575e-07 0.0 6.19177732794e-09 8.43473522267e-08 0.0 
38.125 0.0 1.35353206478e-07 0.0 0.0 7.60629352227e-08 0.0 
38.375 0.0 1.15993587045e-07 0.0 2.16541295547e-09 6.09717813765e-08 0.0 
38.625 1.55922267206e-08 1.00025238866e-07 0.0 2.90071255061e-09 6.36512834008e-08 0.0 
38.875 0.0 1.25615724696e-07 0.0 3.7146194332e-09 4.54142307692e-08 0.0 
39.125 3.43882995951e-09 7.36339190283e-08 0.0 7.85389068826e-09 8.71027611336e-08 0.0 
39.375 4.98526315789e-09 1.16856846154e-07 0.0 0.0 5.53577935223e-08 0.0 
39.625 0.0 6.53944291498e-08 0.0 8.18252631579e-09 5.40779230769e-08 0.0 
39.875 3.99548987854e-09 7.86642469636e-08 0.0 6.95032388664e-09 3.07837206478e-08 0.0 
40.125 5.19457489879e-09 9.42308906883e-08 0.0 0.0 7.87775263158e-08 0.0 
40.375 0.0 8.9067757085e-08 0.0 0.0 5.16438259109e-08 0.0 
40.625 0.0 8.20159757085e-08 0.0 0.0 7.44412793522e-08 0.0 
40.875 0.0 7.71130607287e-08 0.0 0.0 5.98108623482e-08 0.0 
41.125 0.0 9.12560323887e-08 0.0 0.0 3.61482145749e-08 0.0 
41.375 0.0 8.43214493927e-08 0.0 0.0 4.01695101215e-08 0.0 
41.625 0.0 6.26018744939e-08 0.0 0.0 7.92474453441e-08 0.0 
41.875 0.0 6.0330097166e-08 0.0 0.0 4.49378906883e-08 0.0 
42.125 0.0 6.14916315789e-08 0.0 0.0 6.82284574899e-08 0.0 
42.375 0.0 6.84464210526e-08 0.0 1.26751012146e-08 4.91972388664e-08 0.0 
42.625 0.0 8.06760161943e-08 0.0 0.0 3.90028947368e-08 0.0 
42.875 0.0 9.02959109312e-08 0.0 0.0 4.9013582996e-08 0.0 
43.125 1.20931578947e-08 5.85530040486e-08 0.0 0.0 8.90789190283e-08 0.0 
43.375 4.50817813765e-09 7.03314331984e-08 0.0 0.0 6.89505182186e-08 0.0 
43.625 0.0 5.06802307692e-08 0.0 0.0 3.74265910931e-08 0.0 
43.875 4.72133603239e-09 6.11265910931e-08 0.0 0.0 4.79496518219e-08 0.0 
44.125 0.0 8.46748582996e-08 0.0 0.0 3.83065303644e-08 0.0 
44.375 0.0 7.1761582996e-08 0.0 0.0 4.58163967611e-08 0.0 
44.625 5.00939271255e-09 9.03389392713e-08 0.0 0.0 2.52981295547e-08 0.0 
44.875 2.65372469636e-09 7.92518866397e-08 0.0 0.0 3.40946437247e-08 0.0 
45.125 0.0 1.00639327935e-07 0.0 0.0 2.83233441296e-08 0.0 
45.375 3.60961133603e-09 4.76063238866e-08 0.0 0.0 2.30017044534e-08 0.0 
45.625 0.0 4.32993117409e-08 0.0 0.0 2.34710688259e-08 0.0 
45.875 0.0 3.83381376518e-08 0.0 0.0 2.04819838057e-08 0.0 
46.125 0.0 5.09465465587e-08 0.0 0.0 2.71210688259e-08 0.0 
46.375 0.0 3.38925101215e-08 0.0 0.0 2.5607145749e-08 0.0 
46.625 1.58406882591e-08 2.61258582996e-08 0.0 0.0 1.60838906883e-08 0.0 
46.875 0.0 4.31215060729e-08 0.0 0.0 2.79276032389e-08 0.0 
47.125 4.69906882591e-09 4.1052145749e-08 0.0 0.0 2.39600607287e-08 0.0 
47.375 0.0 3.71879109312e-08 0.0 0.0 2.27622995951e-08 0.0 
47.625 0.0 7.49695182186e-08 0.0 0.0 3.21790647773e-08 0.0 
47.875 6.7032388664e-09 4.02867854251e-08 0.0 0.0 2.86915020243e-08 0.0 
48.125 0.0 5.27348421053e-08 0.0 4.64704453441e-09 2.72192267206e-08 0.0 
48.375 0.0 3.24602186235e-08 0.0 0.0 3.83015425101e-08 0.0 
48.625 0.0 3.4540582996e-08 0.0 0.0 2.21001821862e-08 0.0 
48.875 0.0 4.16580121457e-08 0.0 0.0 2.50341336032e-08 0.0 
49.125 0.0 4.51612550607e-08 0.0 0.0 6.23897975709e-09 0.0 
49.375 4.02524291498e-09 3.29602388664e-08 0.0 0.0 3.68960931174e-08 0.0 
49.625 0.0 5.34142793522e-08 0.0 0.0 3.71440890688e-08 0.0 
49.875 0.0 3.38979878543e-08 0.0 0.0 2.34245991903e-08 0.0 
50.125 0.0 4.52864615385e-08 0.0 0.0 3.37110809717e-08 0.0 
50.375 0.0 4.65543765182e-08 0.0 0.0 3.71958178138e-08 0.0 
50.625 0.0 3.01999392713e-08 0.0 0.0 2.4289582996e-08 0.0 
50.875 5.11020242915e-09 2.39084412955e-08 0.0 0.0 2.67423927126e-08 0.0 
51.125 0.0 9.9506194332e-09 0.0 0.0 8.03410526316e-09 0.0 
51.375 9.21392712551e-09 1.77763846154e-08 0.0 0.0 8.69193117409e-09 0.0 
51.625 0.0 2.80724129555e-08 0.0 0.0 1.87876194332e-08 0.0 
51.875 0.0 3.20842631579e-08 0.0 0.0 2.58966032389e-08 0.0 
52.125 0.0 7.09908906883e-09 0.0 0.0 1.13587651822e-08 0.0 
52.375 0.0 1.59803117409e-08 0.0 0.0 1.51922874494e-08 0.0 
52.625 0.0 3.19800566802e-08 0.0 0.0 8.63801619433e-09 0.0 
52.875 0.0 6.52166558704e-08 0.0 0.0 1.56152307692e-08 0.0 
53.125 0.0 1.66777165992e-08 0.0 0.0 1.09803643725e-08 0.0 
53.375 0.0 2.36203076923e-08 0.0 0.0 1.33774817814e-08 0.0 
53.625 0.0 3.71594939271e-08 0.0 0.0 1.24696558704e-08 0.0 
53.875 0.0 2.52053441296e-08 0.0 0.0 2.28197975709e-08 0.0 
54.125 0.0 2.6391757085e-08 0.0 0.0 2.34760728745e-08 0.0 
54.375 0.0 3.92763562753e-09 0.0 0.0 3.34185425101e-09 0.0 
54.625 0.0 2.41243562753e-08 0.0 0.0 1.45942105263e-08 0.0 
54.875 0.0 3.70904777328e-08 0.0 0.0 6.704048583e-09 0.0 
55.125 0.0 2.01040242915e-08 0.0 0.0 1.12300566802e-08 0.0 
55.375 0.0 3.3927611336e-08 0.0 0.0 1.62988987854e-08 0.0 
55.625 0.0 2.1357951417e-08 0.0 0.0 2.87310526316e-08 0.0 
55.875 0.0 1.12909878543e-08 0.0 0.0 5.1701194332e-08 0.0 
56.125 0.0 1.92436356275e-08 0.0 0.0 2.1402291498e-08 0.0 
56.375 0.0 4.1971659919e-09 0.0 0.0 2.13920607287e-08 0.0 
56.625 0.0 2.25673279352e-08 0.0 0.0 4.44032388664e-09 0.0 
56.875 0.0 1.96017004049e-08 0.0 0.0 0.0 0.0 
57.125 0.0 3.78734291498e-08 0.0 0.0 1.38070607287e-08 0.0 
57.375 8.8151417004e-09 2.10884777328e-08 0.0 0.0 8.16285425101e-09 0.0 
57.625 0.0 1.57270404858e-08 0.0 0.0 1.5397854251e-08 0.0 
57.875 0.0 1.20058663968e-08 0.0 0.0 1.37134817814e-08 0.0 
58.125 0.0 1.24253846154e-08 0.0 0.0 1.705048583e-08 0.0 
58.375 0.0 1.42619838057e-08 0.0 0.0 0.0 0.0 
58.625 0.0 1.77796761134e-08 0.0 0.0 0.0 0.0 
58.875 0.0 3.61112591093e-08 0.0 0.0 1.69852631579e-08 0.0 
59.125 0.0 5.63611336032e-09 0.0 0.0 0.0 0.0 
59.375 0.0 3.00529959514e-08 0.0 0.0 1.59905263158e-08 0.0 
59.625 0.0 1.28019433198e-08 0.0 0.0 4.124048583e-09 0.0 
59.875 0.0 9.74473684211e-09 0.0 0.0 4.89829959514e-09 0.0 
60.125 0.0 1.47252631579e-08 0.0 0.0 1.1548708502e-08 0.0 
60.375 0.0 1.2996194332e-08 0.0 0.0 1.7455708502e-08 0.0 
60.625 0.0 4.40457489879e-09 0.0 0.0 6.76708502024e-09 0.0 
60.875 0.0 6.27627530364e-09 0.0 0.0 1.8028097166e-08 0.0 
61.125 0.0 1.63268016194e-08 0.0 0.0 0.0 0.0 
61.375 0.0 2.62641295547e-08 0.0 0.0 6.11866396761e-09 0.0 
61.625 1.0133562753e-08 0.0 0.0 0.0 1.23515384615e-08 0.0 
61.875 0.0 0.0 0.0 0.0 1.12597975709e-08 0.0 
62.125 0.0 0.0 0.0 0.0 4.37251012146e-09 0.0 
62.375 0.0 0.0 0.0 0.0 0.0 0.0 
62.625 0.0 2.13834008097e-08 0.0 0.0 0.0 0.0 
62.875 0.0 1.22144534413e-08 0.0 0.0 0.0 0.0 
63.125 0.0 1.42903643725e-08 0.0 0.0 1.3966194332e-08 0.0 
63.375 0.0 2.06763157895e-08 0.0 0.0 0.0 0.0 
63.625 0.0 2.31783805668e-08 0.0 0.0 4.4612145749e-09 0.0 
63.875 0.0 4.6251417004e-09 0.0 0.0 0.0 0.0 
64.125 0.0 1.60886234818e-08 0.0 0.0 0.0 0.0 
64.375 0.0 1.47670040486e-08 0.0 0.0 0.0 0.0 
64.625 0.0 1.14930769231e-08 0.0 0.0 2.81182995951e-08 0.0 
64.875 0.0 2.57282591093e-08 0.0 0.0 0.0 0.0 
65.125 0.0 0.0 0.0 0.0 5.96190283401e-09 0.0 
65.375 0.0 4.84781376518e-09 0.0 0.0 0.0 0.0 
65.625 0.0 0.0 0.0 0.0 6.23417004049e-09 0.0 
65.875 0.0 0.0 0.0 0.0 0.0 0.0 
66.125 0.0 6.05101214575e-09 0.0 0.0 9.12923076923e-09 0.0 
66.375 0.0 2.11624696356e-08 0.0 0.0 1.53961133603e-08 0.0 
66.625 0.0 6.07991902834e-09 0.0 0.0 0.0 0.0 
66.875 0.0 0.0 0.0 0.0 0.0 0.0 
67.125 0.0 7.12874493927e-09 0.0 0.0 1.31231983806e-08 0.0 
67.375 0.0 0.0 0.0 0.0 0.0 0.0 
67.625 0.0 0.0 0.0 0.0 0.0 0.0 
67.875 0.0 7.38388663968e-09 0.0 0.0 1.12342105263e-08 0.0 
68.125 0.0 9.4491902834e-09 0.0 0.0 0.0 0.0 
68.375 0.0 1.12728744939e-08 0.0 0.0 6.59336032389e-09 0.0 
68.625 0.0 7.21951417004e-09 0.0 0.0 0.0 0.0 
68.875 0.0 0.0 0.0 0.0 0.0 0.0 
69.125 0.0 0.0 0.0 0.0 0.0 0.0 
69.375 0.0 1.98760728745e-08 0.0 0.0 0.0 0.0 
69.625 0.0 0.0 0.0 0.0 0.0 0.0 
69.875 0.0 2.50073684211e-08 0.0 0.0 1.77713765182e-08 0.0 
70.125 0.0 0.0 0.0 0.0 0.0 0.0 
70.375 0.0 7.6651417004e-09 0.0 0.0 0.0 0.0 
70.625 0.0 1.83671659919e-08 0.0 0.0 0.0 0.0 
70.875 0.0 0.0 0.0 0.0 0.0 0.0 
71.125 0.0 0.0 0.0 0.0 0.0 0.0 
71.375 0.0 0.0 0.0 0.0 0.0 0.0 
71.625 0.0 6.62975708502e-09 0.0 0.0 0.0 0.0 
71.875 0.0 0.0 0.0 0.0 0.0 0.0 
72.125 0.0 0.0 0.0 0.0 0.0 0.0 
72.375 0.0 0.0 0.0 0.0 0.0 0.0 
72.625 0.0 0.0 0.0 0.0 0.0 0.0 
72.875 0.0 0.0 0.0 0.0 0.0 0.0 
73.125 0.0 8.72538461538e-09 0.0 0.0 0.0 0.0 
73.375 0.0 0.0 0.0 0.0 0.0 0.0 
73.625 0.0 9.30809716599e-09 0.0 0.0 0.0 0.0 
73.875 0.0 8.33850202429e-09 0.0 0.0 0.0 0.0 
74.125 0.0 0.0 0.0 0.0 0.0 0.0 
74.375 0.0 0.0 0.0 0.0 9.56198380567e-09 0.0 
74.625 0.0 0.0 0.0 0.0 0.0 0.0 
74.875 0.0 0.0 0.0 0.0 0.0 0.0 
75.125 0.0 1.41110121457e-08 0.0 0.0 0.0 0.0 
75.375 0.0 0.0 0.0 0.0 0.0 0.0 
75.625 0.0 0.0 0.0 0.0 0.0 0.0 
75.875 0.0 0.0 0.0 0.0 0.0 0.0 
76.125 0.0 1.13395951417e-08 0.0 0.0 0.0 0.0 
76.375 0.0 0.0 0.0 0.0 0.0 0.0 
76.625 0.0 0.0 0.0 0.0 0.0 0.0 
76.875 0.0 0.0 0.0 0.0 7.47117408907e-09 0.0 
77.125 0.0 0.0 0.0 0.0 0.0 0.0 
77.375 0.0 0.0 0.0 0.0 0.0 0.0 
77.625 0.0 0.0 0.0 0.0 0.0 0.0 
77.875 0.0 1.05741700405e-08 0.0 0.0 0.0 0.0 
78.125 0.0 3.03844129555e-08 0.0 0.0 0.0 0.0 
78.375 0.0 0.0 0.0 0.0 0.0 0.0 
78.625 0.0 0.0 0.0 0.0 1.98167611336e-08 0.0 
78.875 0.0 0.0 0.0 0.0 0.0 0.0 
79.125 0.0 0.0 0.0 0.0 0.0 0.0 
79.375 0.0 0.0 0.0 0.0 0.0 0.0 
79.625 0.0 0.0 0.0 0.0 0.0 0.0 
79.875 0.0 0.0 0.0 0.0 0.0 0.0 
80.125 0.0 0.0 0.0 0.0 0.0 0.0 
80.375 0.0 0.0 0.0 0.0 0.0 0.0 
80.625 0.0 0.0 0.0 0.0 0.0 0.0 
80.875 0.0 0.0 0.0 0.0 0.0 0.0 
81.125 0.0 0.0 0.0 0.0 0.0 0.0 
81.375 0.0 0.0 0.0 0.0 0.0 0.0 
81.625 0.0 0.0 0.0 0.0 0.0 0.0 
81.875 0.0 0.0 0.0 0.0 0.0 0.0 
82.125 0.0 0.0 0.0 0.0 0.0 0.0 
82.375 0.0 0.0 0.0 0.0 0.0 0.0 
82.625 0.0 0.0 0.0 0.0 0.0 0.0 
82.875 0.0 0.0 0.0 0.0 0.0 0.0 
83.125 0.0 0.0 0.0 0.0 0.0 0.0 
83.375 0.0 0.0 0.0 0.0 0.0 0.0 
83.625 0.0 0.0 0.0 0.0 0.0 0.0 
83.875 0.0 8.18931174089e-09 0.0 0.0 0.0 0.0 
84.125 0.0 0.0 0.0 0.0 0.0 0.0 
84.375 0.0 0.0 0.0 0.0 0.0 0.0 
84.625 0.0 0.0 0.0 0.0 0.0 0.0 
84.875 0.0 0.0 0.0 0.0 0.0 0.0 
85.125 0.0 0.0 0.0 0.0 0.0 0.0 
85.375 0.0 0.0 0.0 0.0 0.0 0.0 
85.625 0.0 0.0 0.0 0.0 0.0 0.0 
85.875 0.0 0.0 0.0 0.0 0.0 0.0 
86.125 0.0 0.0 0.0 0.0 0.0 0.0 
86.375 0.0 0.0 0.0 0.0 0.0 0.0 
86.625 0.0 0.0 0.0 0.0 0.0 0.0 
86.875 0.0 0.0 0.0 0.0 0.0 0.0 
87.125 0.0 0.0 0.0 0.0 0.0 0.0 
87.375 0.0 0.0 0.0 0.0 0.0 0.0 
87.625 0.0 0.0 0.0 0.0 0.0 0.0 
87.875 0.0 0.0 0.0 0.0 0.0 0.0 
88.125 0.0 0.0 0.0 0.0 1.10626315789e-08 0.0 
88.375 0.0 0.0 0.0 0.0 0.0 0.0 
88.625 0.0 0.0 0.0 0.0 0.0 0.0 
88.875 0.0 0.0 0.0 0.0 0.0 0.0 
89.125 0.0 0.0 0.0 0.0 0.0 0.0 
89.375 0.0 0.0 0.0 0.0 0.0 0.0 
89.625 0.0 0.0 0.0 0.0 0.0 0.0 
89.875 0.0 0.0 0.0 0.0 0.0 0.0 
90.125 0.0 0.0 0.0 0.0 0.0 0.0 
90.375 0.0 0.0 0.0 0.0 0.0 0.0 
90.625 0.0 0.0 0.0 0.0 0.0 0.0 
90.875 0.0 0.0 0.0 0.0 0.0 0.0 
91.125 0.0 0.0 0.0 0.0 0.0 0.0 
91.375 0.0 0.0 0.0 0.0 0.0 0.0 
91.625 0.0 0.0 0.0 0.0 0.0 0.0 
91.875 0.0 0.0 0.0 0.0 0.0 0.0 
92.125 0.0 0.0 0.0 0.0 0.0 0.0 
92.375 0.0 0.0 0.0 0.0 0.0 0.0 
92.625 0.0 0.0 0.0 0.0 0.0 0.0 
92.875 0.0 0.0 0.0 0.0 0.0 0.0 
93.125 0.0 0.0 0.0 0.0 0.0 0.0 
93.375 0.0 0.0 0.0 0.0 0.0 0.0 
93.625 0.0 0.0 0.0 0.0 0.0 0.0 
93.875 0.0 0.0 0.0 0.0 0.0 0.0 
94.125 0.0 0.0 0.0 0.0 0.0 0.0 
94.375 0.0 0.0 0.0 0.0 0.0 0.0 
94.625 0.0 0.0 0.0 0.0 0.0 0.0 
94.875 0.0 0.0 0.0 0.0 0.0 0.0 
95.125 0.0 0.0 0.0 0.0 0.0 0.0 
95.375 0.0 0.0 0.0 0.0 0.0 0.0 
95.625 0.0 0.0 0.0 0.0 0.0 0.0 
95.875 0.0 0.0 0.0 0.0 0.0 0.0 
96.125 0.0 0.0 0.0 0.0 0.0 0.0 
96.375 0.0 0.0 0.0 0.0 0.0 0.0 
96.625 0.0 0.0 0.0 0.0 0.0 0.0 
96.875 0.0 0.0 0.0 0.0 0.0 0.0 
97.125 0.0 0.0 0.0 0.0 0.0 0.0 
97.375 0.0 0.0 0.0 0.0 0.0 0.0 
97.625 0.0 0.0 0.0 0.0 0.0 0.0 
97.875 0.0 0.0 0.0 0.0 0.0 0.0 
98.125 0.0 0.0 0.0 0.0 0.0 0.0 
98.375 0.0 0.0 0.0 0.0 0.0 0.0 
98.625 0.0 0.0 0.0 0.0 0.0 0.0 
98.875 0.0 0.0 0.0 0.0 0.0 0.0 
99.125 0.0 0.0 0.0 0.0 0.0 0.0 
99.375 0.0 0.0 0.0 0.0 0.0 0.0 
99.625 0.0 0.0 0.0 0.0 0.0 0.0 
99.875 0.0 0.0 0.0 0.0 0.0 0.0 
100.125 0.0 0.0 0.0 0.0 0.0 0.0 
100.375 0.0 0.0 0.0 0.0 0.0 0.0 
100.625 0.0 0.0 0.0 0.0 0.0 0.0 
100.875 0.0 0.0 0.0 0.0 0.0 0.0 
101.125 0.0 0.0 0.0 0.0 0.0 0.0 
101.375 0.0 0.0 0.0 0.0 0.0 0.0 
101.625 0.0 0.0 0.0 0.0 0.0 0.0 
101.875 0.0 0.0 0.0 0.0 0.0 0.0 
102.125 0.0 0.0 0.0 0.0 0.0 0.0 
102.375 0.0 0.0 0.0 0.0 0.0 0.0 
102.625 0.0 0.0 0.0 0.0 0.0 0.0 
102.875 0.0 0.0 0.0 0.0 0.0 0.0 
103.125 0.0 0.0 0.0 0.0 0.0 0.0 
103.375 0.0 0.0 0.0 0.0 0.0 0.0 
103.625 0.0 0.0 0.0 0.0 0.0 0.0 
103.875 0.0 0.0 0.0 0.0 0.0 0.0 
104.125 0.0 0.0 0.0 0.0 0.0 0.0 
104.375 0.0 0.0 0.0 0.0 0.0 0.0 
104.625 0.0 0.0 0.0 0.0 0.0 0.0 
104.875 0.0 0.0 0.0 0.0 0.0 0.0 
105.125 0.0 0.0 0.0 0.0 0.0 0.0 
105.375 0.0 0.0 0.0 0.0 0.0 0.0 
105.625 0.0 0.0 0.0 0.0 0.0 0.0 
105.875 0.0 0.0 0.0 0.0 0.0 0.0 
106.125 0.0 0.0 0.0 0.0 0.0 0.0 
106.375 0.0 0.0 0.0 0.0 0.0 0.0 
106.625 0.0 0.0 0.0 0.0 0.0 0.0 
106.875 0.0 0.0 0.0 0.0 0.0 0.0 
107.125 0.0 0.0 0.0 0.0 0.0 0.0 
107.375 0.0 0.0 0.0 0.0 0.0 0.0 
107.625 0.0 0.0 0.0 0.0 0.0 0.0 
107.875 0.0 0.0 0.0 0.0 0.0 0.0 
108.125 0.0 0.0 0.0 0.0 0.0 0.0 
108.375 0.0 0.0 0.0 0.0 0.0 0.0 
108.625 0.0 0.0 0.0 0.0 0.0 0.0 
108.875 0.0 0.0 0.0 0.0 0.0 0.0 
109.125 0.0 0.0 0.0 0.0 0.0 0.0 
109.375 0.0 0.0 0.0 0.0 0.0 0.0 
109.625 0.0 0.0 0.0 0.0 0.0 0.0 
109.875 0.0 0.0 0.0 0.0 0.0 0.0 
110.125 0.0 0.0 0.0 0.0 0.0 0.0 
110.375 0.0 0.0 0.0 0.0 0.0 0.0 
110.625 0.0 0.0 0.0 0.0 0.0 0.0 
110.875 0.0 0.0 0.0 0.0 0.0 0.0 
111.125 0.0 0.0 0.0 0.0 0.0 0.0 
111.375 0.0 0.0 0.0 0.0 0.0 0.0 
111.625 0.0 0.0 0.0 0.0 0.0 0.0 
111.875 0.0 0.0 0.0 0.0 0.0 0.0 
112.125 0.0 0.0 0.0 0.0 0.0 0.0 
112.375 0.0 0.0 0.0 0.0 0.0 0.0 
112.625 0.0 0.0 0.0 0.0 0.0 0.0 
112.875 0.0 0.0 0.0 0.0 0.0 0.0 
113.125 0.0 0.0 0.0 0.0 0.0 0.0 
113.375 0.0 0.0 0.0 0.0 0.0 0.0 
113.625 0.0 0.0 0.0 0.0 0.0 0.0 
113.875 0.0 0.0 0.0 0.0 0.0 0.0 
114.125 0.0 0.0 0.0 0.0 0.0 0.0 
114.375 0.0 0.0 0.0 0.0 0.0 0.0 
114.625 0.0 0.0 0.0 0.0 0.0 0.0 
114.875 0.0 0.0 0.0 0.0 0.0 0.0 
115.125 0.0 0.0 0.0 0.0 0.0 0.0 
115.375 0.0 0.0 0.0 0.0 0.0 0.0 
115.625 0.0 0.0 0.0 0.0 0.0 0.0 
115.875 0.0 0.0 0.0 0.0 0.0 0.0 
116.125 0.0 0.0 0.0 0.0 0.0 0.0 
116.375 0.0 0.0 0.0 0.0 0.0 0.0 
116.625 0.0 0.0 0.0 0.0 0.0 0.0 
116.875 0.0 0.0 0.0 0.0 0.0 0.0 
117.125 0.0 0.0 0.0 0.0 0.0 0.0 
117.375 0.0 0.0 0.0 0.0 0.0 0.0 
117.625 0.0 0.0 0.0 0.0 0.0 0.0 
117.875 0.0 0.0 0.0 0.0 0.0 0.0 
118.125 0.0 0.0 0.0 0.0 0.0 0.0 
118.375 0.0 0.0 0.0 0.0 0.0 0.0 
118.625 0.0 0.0 0.0 0.0 0.0 0.0 
118.875 0.0 0.0 0.0 0.0 0.0 0.0 
119.125 0.0 0.0 0.0 0.0 0.0 0.0 
119.375 0.0 0.0 0.0 0.0 0.0 0.0 
119.625 0.0 0.0 0.0 0.0 0.0 0.0 
119.875 0.0 0.0 0.0 0.0 0.0 0.0 
120.125 0.0 0.0 0.0 0.0 0.0 0.0 
120.375 0.0 0.0 0.0 0.0 0.0 0.0 
120.625 0.0 0.0 0.0 0.0 0.0 0.0 
120.875 0.0 0.0 0.0 0.0 0.0 0.0 
121.125 0.0 0.0 0.0 0.0 0.0 0.0 
121.375 0.0 0.0 0.0 0.0 0.0 0.0 
121.625 0.0 0.0 0.0 0.0 0.0 0.0 
121.875 0.0 0.0 0.0 0.0 0.0 0.0 
122.125 0.0 0.0 0.0 0.0 0.0 0.0 
122.375 0.0 0.0 0.0 0.0 0.0 0.0 
122.625 0.0 0.0 0.0 0.0 0.0 0.0 
122.875 0.0 0.0 0.0 0.0 0.0 0.0 
123.125 0.0 0.0 0.0 0.0 0.0 0.0 
123.375 0.0 0.0 0.0 0.0 0.0 0.0 
123.625 0.0 0.0 0.0 0.0 0.0 0.0 
123.875 0.0 0.0 0.0 0.0 0.0 0.0 
124.125 0.0 0.0 0.0 0.0 0.0 0.0 
124.375 0.0 0.0 0.0 0.0 0.0 0.0 
124.625 0.0 0.0 0.0 0.0 0.0 0.0 
124.875 0.0 0.0 0.0 0.0 0.0 0.0 
125.125 0.0 0.0 0.0 0.0 0.0 0.0 
