0.125 4.4476392e-07 3.34034372e-05 0.0 3.25513932e-07 3.38721524e-05 0.0 
0.375 5.87723012e-07 2.81215776e-05 0.0 2.98175184e-07 1.47669048e-05 0.0 
0.625 6.52705024e-07 3.31952316e-05 0.0 2.81857976e-07 1.070545376e-05 0.0 
0.875 5.706425e-07 3.11769456e-05 0.0 2.351615072e-07 9.55505116e-06 0.0 
1.125 6.018177404e-07 2.1718452e-05 0.0 2.16392118e-07 7.91418648e-06 0.0 
1.375 6.291225912e-07 2.4972344e-05 0.0 2.108152392e-07 6.98087404e-06 0.0 
1.625 7.403589668e-07 3.92029756e-05 0.0 1.874746152e-07 6.5344346e-06 0.0 
1.875 6.54183668e-07 6.36594312e-05 0.0 1.849597832e-07 6.7545256e-06 0.0 
2.125 8.10110524e-07 9.27879796e-05 0.0 1.979876984e-07 6.36184588e-06 0.0 
2.375 7.01877844e-07 0.0001164186876 0.0 1.725023484e-07 5.933104e-06 0.0 
2.625 7.56632998e-07 0.00013898946 0.0 1.6987224476e-07 5.85042012e-06 0.0 
2.875 7.968767364e-07 0.000160495972 0.0 1.7323798772e-07 5.62139636e-06 0.0 
3.125 7.770481796e-07 0.000169965424 0.0 1.4933042592e-07 4.94761768e-06 0.0 
3.375 7.814888356e-07 0.000172366108 0.0 1.6468049056e-07 4.6105938e-06 0.0 
3.625 7.881158572e-07 0.000175890224 0.0 1.6266436268e-07 4.465757116e-06 0.0 
3.875 6.97519052e-07 0.000179248856 0.0 1.543681924e-07 4.334745304e-06 0.0 
4.125 6.9131702e-07 0.000176465836 0.0 1.475534476e-07 4.106816948e-06 0.0 
4.375 6.89478278e-07 0.000170071888 0.0 1.48872628e-07 3.700477444e-06 0.0 
4.625 6.957972128e-07 0.000158824696 0.0 1.5150672588e-07 3.54299348e-06 0.0 
4.875 7.570334716e-07 0.00014442068 0.0 1.403567298e-07 3.47433196e-06 0.0 
5.125 6.962895184e-07 0.000137360628 0.0 1.4235521876e-07 3.219441734e-06 0.0 
5.375 7.05401e-07 0.0001313060068 0.0 1.303661236e-07 2.9242435888e-06 0.0 
5.625 7.07816892e-07 0.0001239618152 0.0 1.5311602588e-07 2.79336746e-06 0.0 
5.875 6.071569012e-07 0.0001208555452 0.0 1.218696532e-07 2.558859384e-06 0.0 
6.125 6.72871972e-07 0.0001187956036 0.0 1.27249932e-07 2.4458229068e-06 0.0 
6.375 5.860748432e-07 0.0001132760672 0.0 1.25957518e-07 2.2037353404e-06 0.0 
6.625 4.53519574e-07 0.000111878192 0.0 1.319983328e-07 2.2091991952e-06 0.0 
6.875 5.12708472e-07 0.0001067773772 0.0 1.049360336e-07 2.0671800604e-06 0.0 
7.125 6.053571792e-07 0.0001046431708 0.0 1.035447116e-07 2.024039122e-06 0.0 
7.375 5.384920004e-07 0.000102195152 0.0 1.110112568e-07 1.6321950788e-06 0.0 
7.625 4.660426868e-07 9.9511858e-05 0.0 1.073825504e-07 1.642461416e-06 0.0 
7.875 4.743181128e-07 9.48746688e-05 0.0 9.51057108e-08 1.8691560056e-06 0.0 
8.125 5.238495392e-07 9.03354084e-05 0.0 1.010269296e-07 1.6674905664e-06 0.0 
8.375 4.476258948e-07 8.61877472e-05 0.0 1.101751712e-07 1.4878791944e-06 0.0 
8.625 4.643331324e-07 8.02619116e-05 0.0 9.77330532e-08 1.6165793344e-06 0.0 
8.875 4.043199476e-07 7.60387984e-05 0.0 9.33692264e-08 1.5372594668e-06 0.0 
9.125 4.584480892e-07 7.01052836e-05 0.0 1.0348756e-07 1.271345278e-06 0.0 
9.375 3.436696028e-07 6.52912512e-05 0.0 9.42058804e-08 1.4117337416e-06 0.0 
9.625 4.120971356e-07 5.894506e-05 0.0 9.17455316e-08 1.1827762372e-06 0.0 
9.875 3.72518536e-07 5.46513892e-05 0.0 8.88722028e-08 1.1651423188e-06 0.0 
10.125 3.648966316e-07 5.02739208e-05 0.0 8.60541844e-08 1.323780216e-06 0.0 
10.375 5.019733916e-07 4.49475452e-05 0.0 8.19904584e-08 1.2899749588e-06 0.0 
10.625 4.296048192e-07 4.13451272e-05 0.0 7.66165088e-08 1.1064825016e-06 0.0 
10.875 3.354189188e-07 3.64553968e-05 0.0 7.10766592e-08 1.0639654112e-06 0.0 
11.125 3.148461596e-07 3.28568724e-05 0.0 6.27288964e-08 9.971078816e-07 0.0 
11.375 2.966148708e-07 2.898962492e-05 0.0 7.8934366e-08 1.0219935908e-06 0.0 
11.625 2.986862028e-07 2.42300022e-05 0.0 8.34897868e-08 1.0143029636e-06 0.0 
11.875 2.357893912e-07 2.154357408e-05 0.0 6.60127632e-08 7.80184898e-07 0.0 
12.125 2.68003358e-07 1.839253112e-05 0.0 6.53799844e-08 8.205670056e-07 0.0 
12.375 2.803981604e-07 1.628522316e-05 0.0 5.69483172e-08 8.652844948e-07 0.0 
12.625 3.138455112e-07 1.338053232e-05 0.0 6.49284324e-08 9.430310808e-07 0.0 
12.875 3.012052056e-07 1.110133256e-05 0.0 5.37067796e-08 8.071611224e-07 0.0 
13.125 2.86211386e-07 9.27374464e-06 0.0 5.68789152e-08 7.912186164e-07 0.0 
13.375 2.134613744e-07 8.10389136e-06 0.0 5.45713724e-08 6.274801248e-07 0.0 
13.625 2.068314876e-07 6.656934524e-06 0.0 5.2455898e-08 7.813351028e-07 0.0 
13.875 2.000023176e-07 5.726992216e-06 0.0 4.61679252e-08 6.270963836e-07 0.0 
14.125 2.676179808e-07 4.76644524e-06 0.0 4.4583362e-08 7.052411672e-07 0.0 
14.375 2.491432144e-07 4.332468616e-06 0.0 3.7371586e-08 6.947855964e-07 0.0 
14.625 1.957369332e-07 3.910299304e-06 0.0 3.86622304e-08 6.223307316e-07 0.0 
14.875 1.801960528e-07 3.558443748e-06 0.0 3.93403516e-08 5.033937356e-07 0.0 
15.125 1.652118632e-07 3.471640084e-06 0.0 3.87442164e-08 5.833846104e-07 0.0 
15.375 1.72075032e-07 2.887990332e-06 0.0 3.79958392e-08 4.51783774e-07 0.0 
15.625 1.972896068e-07 2.970902212e-06 0.0 3.96434632e-08 3.156893024e-07 0.0 
15.875 1.665440008e-07 2.781276112e-06 0.0 4.41923808e-08 3.614834256e-07 0.0 
16.125 1.562685524e-07 2.40446228e-06 0.0 2.46497396e-08 2.937229476e-07 0.0 
16.375 2.117674628e-07 2.611484284e-06 0.0 4.3740798e-08 4.091824348e-07 0.0 
16.625 1.457634792e-07 2.43552008e-06 0.0 3.13616532e-08 4.156502152e-07 0.0 
16.875 1.345547972e-07 2.47113604e-06 0.0 2.90358076e-08 3.698454352e-07 0.0 
17.125 1.317727228e-07 2.349618976e-06 0.0 3.17485956e-08 2.684357676e-07 0.0 
17.375 1.843263744e-07 2.277068132e-06 0.0 2.67215336e-08 2.776758372e-07 0.0 
17.625 1.124684052e-07 2.39238724e-06 0.0 2.0074686e-08 3.903003644e-07 0.0 
17.875 1.173393016e-07 2.155578512e-06 0.0 3.2310856e-08 2.81474678e-07 0.0 
18.125 1.309069744e-07 2.21534212e-06 0.0 2.96371104e-08 4.123746984e-07 0.0 
18.375 1.382241232e-07 2.23814044e-06 0.0 2.19830956e-08 2.676249332e-07 0.0 
18.625 1.174834076e-07 1.901314668e-06 0.0 2.1000004e-08 2.64288454e-07 0.0 
18.875 1.446403312e-07 2.031545984e-06 0.0 2.4012896e-08 1.877180912e-07 0.0 
19.125 1.21240536e-07 1.986498812e-06 0.0 1.4987492e-08 3.236487096e-07 0.0 
19.375 8.732782e-08 2.008402768e-06 0.0 1.9818176e-08 1.40847692e-07 0.0 
19.625 1.01282808e-07 2.128369288e-06 0.0 2.248726e-08 1.725981704e-07 0.0 
19.875 1.034875308e-07 2.15384734e-06 0.0 2.0203008e-08 2.21021484e-07 0.0 
20.125 1.112770428e-07 1.896094108e-06 0.0 1.8541876e-08 1.420237812e-07 0.0 
20.375 9.8006624e-08 1.942125992e-06 0.0 1.9240016e-08 1.702249496e-07 0.0 
20.625 9.5809512e-08 1.927610244e-06 0.0 1.57953732e-08 1.51875432e-07 0.0 
20.875 8.3882584e-08 1.991750912e-06 0.0 1.8893392e-08 2.65060048e-07 0.0 
21.125 9.95904e-08 1.96135032e-06 0.0 1.6028284e-08 1.7022129e-07 0.0 
21.375 1.00512828e-07 1.785598916e-06 0.0 1.65070576e-08 3.6751366e-07 0.0 
21.625 6.1129008e-08 1.839309864e-06 0.0 1.43294e-08 2.300058428e-07 0.0 
21.875 6.7079892e-08 1.783213224e-06 0.0 8.880956e-09 2.485056496e-07 0.0 
22.125 8.9735292e-08 1.753008676e-06 0.0 7.251892e-09 7.21024704e-08 0.0 
22.375 6.4508596e-08 1.745139808e-06 0.0 9.997076e-09 1.71075412e-07 0.0 
22.625 6.653294e-08 1.713607732e-06 0.0 1.5475084e-08 1.694070972e-07 0.0 
22.875 6.9182088e-08 1.656973656e-06 0.0 7.851988e-09 9.3729918e-08 0.0 
23.125 5.3695416e-08 1.875642124e-06 0.0 1.8683348e-08 1.65701532e-07 0.0 
23.375 7.2478452e-08 1.646786096e-06 0.0 7.1128e-09 3.365535108e-07 0.0 
23.625 6.0729472e-08 1.70824604e-06 0.0 1.5962108e-08 6.83564504e-08 0.0 
23.875 6.0829948e-08 1.544851772e-06 0.0 1.0789988e-08 7.59283812e-08 0.0 
24.125 4.9498336e-08 1.637614936e-06 0.0 1.7460016e-08 1.30389248e-07 0.0 
24.375 6.248912e-08 1.54295938e-06 0.0 1.0717492e-08 1.111663e-07 0.0 
24.625 7.0990324e-08 1.596507356e-06 0.0 1.4527452e-08 1.4663048e-07 0.0 
24.875 3.6123656e-08 1.522353716e-06 0.0 1.5658544e-08 1.03590316e-07 0.0 
25.125 4.2868652e-08 1.612196232e-06 0.0 1.4809448e-08 1.52994152e-07 0.0 
25.375 4.4711464e-08 1.479871568e-06 0.0 7.4372e-09 6.1069028e-08 0.0 
25.625 3.8760748e-08 1.558396852e-06 0.0 1.2251772e-08 9.23398e-08 0.0 
25.875 3.6741548e-08 1.499740304e-06 0.0 1.1269172e-08 1.14597828e-07 0.0 
26.125 3.8509152e-08 1.421010416e-06 0.0 9.768652e-09 7.2689412e-08 0.0 
26.375 3.8710364e-08 1.349246216e-06 0.0 4.9687e-09 6.4681176e-08 0.0 
26.625 3.0829952e-08 1.427613472e-06 0.0 9.181616e-09 1.97954604e-07 0.0 
26.875 3.7385732e-08 1.53080696e-06 0.0 4.081284e-09 6.4243984e-08 0.0 
27.125 2.307024e-08 1.290437268e-06 0.0 7.024816e-09 5.6513032e-08 0.0 
27.375 3.8950424e-08 1.326263196e-06 0.0 1.500844e-09 9.525e-08 0.0 
27.625 3.8523796e-08 1.301308168e-06 0.0 5.507356e-09 4.5104796e-08 0.0 
27.875 2.3760968e-08 1.215099912e-06 0.0 6.715508e-09 6.4402712e-08 0.0 
28.125 4.387388e-08 1.363134676e-06 0.0 9.950384e-09 5.2729924e-08 0.0 
28.375 3.3132292e-08 1.282662316e-06 0.0 6.363392e-09 1.29737188e-07 0.0 
28.625 2.8079732e-08 1.178308888e-06 0.0 9.351548e-09 4.6308532e-08 0.0 
28.875 2.3567988e-08 1.295352268e-06 0.0 4.530896e-09 4.6818208e-08 0.0 
29.125 3.569272e-08 1.078363656e-06 0.0 9.3126e-09 5.0036836e-08 0.0 
29.375 1.606384e-08 1.115948592e-06 0.0 3.038904e-09 1.23345188e-07 0.0 
29.625 2.1914076e-08 1.178526164e-06 0.0 8.238884e-09 1.10637452e-07 0.0 
29.875 2.6433524e-08 1.06506012e-06 0.0 8.76424e-10 3.5659584e-08 0.0 
30.125 1.1840056e-08 1.002278488e-06 0.0 3.104384e-09 3.90654e-08 0.0 
30.375 2.2463744e-08 1.04441796e-06 0.0 2.317436e-09 6.485928e-08 0.0 
30.625 1.3811572e-08 9.85948836e-07 0.0 0.0 3.3118808e-08 0.0 
30.875 1.8923852e-08 1.08371138e-06 0.0 2.725932e-09 3.9108708e-08 0.0 
31.125 2.251738e-08 1.013565068e-06 0.0 4.906308e-09 3.5091116e-08 0.0 
31.375 2.528322e-08 9.57699784e-07 0.0 4.636344e-09 3.5705056e-08 0.0 
31.625 1.3144512e-08 9.07632556e-07 0.0 4.674444e-09 3.3277244e-08 0.0 
31.875 1.6641756e-08 8.545168e-07 0.0 1.068248e-09 4.295084e-08 0.0 
32.125 1.2879256e-08 9.00243388e-07 0.0 6.001044e-09 3.1400944e-08 0.0 
32.375 1.0655644e-08 8.38883196e-07 0.0 1.744068e-09 8.8270984e-08 0.0 
32.625 3.826312e-09 8.7321784e-07 0.0 5.311056e-09 4.073862e-08 0.0 
32.875 2.448734e-08 7.9964084e-07 0.0 2.435296e-09 3.5322692e-08 0.0 
33.125 7.623196e-09 7.75578652e-07 0.0 0.0 4.1078344e-08 0.0 
33.375 1.4968116e-08 7.74192864e-07 0.0 4.361432e-09 2.6869216e-08 0.0 
33.625 1.1085748e-08 8.06014016e-07 0.0 1.774076e-09 4.3055584e-08 0.0 
33.875 4.019372e-09 7.1415868e-07 0.0 0.0 3.5440768e-08 0.0 
34.125 0.0 7.2551316e-07 0.0 7.783112e-09 2.5457816e-08 0.0 
34.375 6.169724e-09 7.23227336e-07 0.0 0.0 3.5973736e-08 0.0 
34.625 8.925088e-09 6.73805492e-07 0.0 0.0 3.374112e-08 0.0 
34.875 9.157856e-09 6.68603652e-07 0.0 0.0 1.6691284e-08 0.0 
35.125 1.5017144e-08 6.52578576e-07 0.0 5.396576e-09 2.4599224e-08 0.0 
35.375 1.0577572e-08 6.00654668e-07 0.0 0.0 1.8383452e-08 0.0 
35.625 1.050938e-08 6.0542806e-07 0.0 1.962972e-09 3.836254e-08 0.0 
35.875 1.0441188e-08 6.17629732e-07 0.0 0.0 2.0686388e-08 0.0 
36.125 9.686964e-09 5.48136e-07 0.0 0.0 2.3778324e-08 0.0 
36.375 5.42718e-09 5.18366956e-07 0.0 0.0 2.544144e-08 0.0 
36.625 6.625424e-09 5.78166356e-07 0.0 0.0 2.0171888e-08 0.0 
36.875 4.435564e-09 5.52325364e-07 0.0 1.406524e-09 2.5144492e-08 0.0 
37.125 1.8486296e-08 5.14967972e-07 0.0 1.5001e-09 1.01817844e-07 0.0 
37.375 5.749188e-09 5.7442586e-07 0.0 5.959336e-09 2.2190332e-08 0.0 
37.625 8.322952e-09 4.8297568e-07 0.0 2.567312e-09 1.7105508e-08 0.0 
37.875 6.493408e-09 4.83513012e-07 0.0 0.0 2.9368752e-08 0.0 
38.125 2.300276e-09 3.86062916e-07 0.0 0.0 3.7737244e-08 0.0 
38.375 0.0 4.17895748e-07 0.0 1.46564e-09 1.9648224e-08 0.0 
38.625 0.0 4.03878032e-07 0.0 0.0 1.6805912e-08 0.0 
38.875 2.17362e-09 4.0197092e-07 0.0 0.0 1.8558232e-08 0.0 
39.125 3.901832e-09 3.62275708e-07 0.0 0.0 1.507626e-08 0.0 
39.375 9.362456e-09 3.48306208e-07 0.0 1.1799332e-08 1.5534816e-08 0.0 
39.625 9.999196e-09 3.44579944e-07 0.0 0.0 2.0411104e-08 0.0 
39.875 5.64504e-09 3.36782632e-07 0.0 0.0 2.2920032e-08 0.0 
40.125 3.606232e-09 2.96552052e-07 0.0 0.0 1.220194e-08 0.0 
40.375 5.94432e-09 3.26142652e-07 0.0 0.0 1.939642e-08 0.0 
40.625 4.973888e-09 3.12176844e-07 0.0 4.485e-09 2.1704564e-08 0.0 
40.875 2.52744e-09 3.20514212e-07 0.0 0.0 1.2485344e-08 0.0 
41.125 1.115862e-08 2.66173112e-07 0.0 0.0 9.613072e-09 0.0 
41.375 6.116632e-09 3.08989824e-07 0.0 0.0 1.8166996e-08 0.0 
41.625 0.0 2.79941256e-07 0.0 0.0 1.573248e-08 0.0 
41.875 0.0 2.95515884e-07 0.0 0.0 1.2349528e-08 0.0 
42.125 1.903504e-09 2.53931584e-07 0.0 0.0 1.3485648e-08 0.0 
42.375 7.094004e-09 2.720485e-07 0.0 0.0 1.4990136e-08 0.0 
42.625 0.0 2.50802524e-07 0.0 0.0 3.245788e-09 0.0 
42.875 0.0 2.239578e-07 0.0 0.0 1.0718724e-08 0.0 
43.125 0.0 2.80140012e-07 0.0 0.0 1.0834896e-08 0.0 
43.375 0.0 2.4603274e-07 0.0 3.312468e-09 5.63868e-09 0.0 
43.625 0.0 2.10153544e-07 0.0 0.0 3.924176e-09 0.0 
43.875 0.0 2.14839056e-07 0.0 0.0 1.280834e-08 0.0 
44.125 2.067356e-09 2.16742792e-07 0.0 0.0 1.569358e-08 0.0 
44.375 2.999348e-09 1.91027552e-07 0.0 0.0 2.6053244e-08 0.0 
44.625 0.0 1.86521e-07 0.0 0.0 1.1987184e-08 0.0 
44.875 4.133892e-09 1.7001612e-07 0.0 0.0 1.0654028e-08 0.0 
45.125 0.0 1.5633674e-07 0.0 0.0 6.988012e-09 0.0 
45.375 0.0 1.63490896e-07 0.0 4.2984e-09 1.3158524e-08 0.0 
45.625 6.53872e-09 1.70170748e-07 0.0 2.125188e-09 2.787988e-09 0.0 
45.875 0.0 1.73389792e-07 0.0 0.0 1.0970292e-08 0.0 
46.125 0.0 1.26904532e-07 0.0 0.0 9.453052e-09 0.0 
46.375 0.0 1.69590292e-07 0.0 0.0 1.012572e-08 0.0 
46.625 0.0 1.36834876e-07 0.0 0.0 1.1585908e-08 0.0 
46.875 0.0 1.09385092e-07 0.0 0.0 6.565948e-09 0.0 
47.125 2.548244e-09 1.1869244e-07 0.0 0.0 1.551288e-09 0.0 
47.375 2.712764e-09 1.39916044e-07 0.0 0.0 1.1824848e-08 0.0 
47.625 0.0 1.29772332e-07 0.0 0.0 6.031436e-09 0.0 
47.875 0.0 1.68899284e-07 0.0 0.0 3.351648e-09 0.0 
48.125 0.0 1.32216208e-07 0.0 0.0 6.039196e-09 0.0 
48.375 0.0 1.25302896e-07 0.0 0.0 7.454268e-09 0.0 
48.625 0.0 1.41419776e-07 0.0 0.0 1.3325924e-08 0.0 
48.875 0.0 1.32088436e-07 0.0 0.0 6.494752e-09 0.0 
49.125 0.0 8.9654904e-08 0.0 0.0 4.30224e-09 0.0 
49.375 2.198876e-09 1.0964024e-07 0.0 0.0 6.081972e-09 0.0 
49.625 2.845008e-09 1.03688472e-07 0.0 0.0 0.0 0.0 
49.875 0.0 1.09543684e-07 0.0 0.0 0.0 0.0 
50.125 4.17024e-09 9.6313136e-08 0.0 0.0 2.941512e-09 0.0 
50.375 0.0 1.02185648e-07 0.0 0.0 9.186336e-09 0.0 
50.625 0.0 5.9514648e-08 0.0 3.42726e-09 6.590976e-09 0.0 
50.875 0.0 9.6965308e-08 0.0 0.0 1.918136e-09 0.0 
51.125 0.0 5.0456236e-08 0.0 0.0 0.0 0.0 
51.375 0.0 7.88463e-08 0.0 0.0 1.842264e-09 0.0 
51.625 3.105764e-09 9.6444364e-08 0.0 0.0 1.849524e-09 0.0 
51.875 0.0 6.1667876e-08 0.0 0.0 0.0 0.0 
52.125 0.0 8.2083756e-08 0.0 0.0 0.0 0.0 
52.375 2.988336e-09 6.7958548e-08 0.0 0.0 0.0 0.0 
52.625 0.0 6.1836268e-08 0.0 0.0 3.320624e-09 0.0 
52.875 0.0 5.379868e-08 0.0 0.0 1.952268e-09 0.0 
53.125 0.0 6.8525124e-08 0.0 0.0 0.0 0.0 
53.375 0.0 5.36529e-08 0.0 0.0 2.047612e-09 0.0 
53.625 0.0 4.695654e-08 0.0 0.0 2.430164e-09 0.0 
53.875 0.0 5.1470444e-08 0.0 0.0 0.0 0.0 
54.125 0.0 4.2275492e-08 0.0 0.0 0.0 0.0 
54.375 0.0 6.1146504e-08 0.0 0.0 0.0 0.0 
54.625 0.0 4.3969132e-08 0.0 0.0 0.0 0.0 
54.875 0.0 6.0005916e-08 0.0 0.0 0.0 0.0 
55.125 0.0 4.3276736e-08 0.0 0.0 2.587484e-09 0.0 
55.375 0.0 6.0652756e-08 0.0 0.0 3.921656e-09 0.0 
55.625 0.0 3.6723692e-08 0.0 0.0 0.0 0.0 
55.875 0.0 4.7595128e-08 0.0 0.0 0.0 0.0 
56.125 0.0 3.6260792e-08 0.0 0.0 5.158052e-09 0.0 
56.375 0.0 3.8137152e-08 0.0 0.0 7.335396e-09 0.0 
56.625 4.46368e-09 2.6019148e-08 0.0 0.0 5.256472e-09 0.0 
56.875 0.0 3.8341312e-08 0.0 0.0 2.330056e-09 0.0 
57.125 0.0 4.244976e-08 0.0 0.0 0.0 0.0 
57.375 0.0 2.6634292e-08 0.0 0.0 2.549052e-09 0.0 
57.625 0.0 3.603204e-08 0.0 0.0 0.0 0.0 
57.875 0.0 3.409056e-08 0.0 0.0 0.0 0.0 
58.125 0.0 4.8051288e-08 0.0 0.0 2.673812e-09 0.0 
58.375 0.0 1.701986e-08 0.0 0.0 0.0 0.0 
58.625 0.0 3.3203848e-08 0.0 0.0 0.0 0.0 
58.875 0.0 4.1930748e-08 0.0 0.0 0.0 0.0 
59.125 0.0 4.0599056e-08 0.0 4.25996e-09 0.0 0.0 
59.375 0.0 3.0486432e-08 0.0 0.0 0.0 0.0 
59.625 0.0 2.7272884e-08 0.0 0.0 0.0 0.0 
59.875 0.0 3.2441e-08 0.0 0.0 0.0 0.0 
60.125 0.0 2.2251e-08 0.0 0.0 0.0 0.0 
60.375 0.0 1.7026728e-08 0.0 0.0 0.0 0.0 
60.625 0.0 1.7840944e-08 0.0 0.0 0.0 0.0 
60.875 0.0 3.1146828e-08 0.0 0.0 0.0 0.0 
61.125 0.0 3.0781036e-08 0.0 0.0 3.590732e-09 0.0 
61.375 0.0 3.1074188e-08 0.0 0.0 0.0 0.0 
61.625 0.0 1.991554e-08 0.0 0.0 0.0 0.0 
61.875 0.0 1.7505764e-08 0.0 0.0 0.0 0.0 
62.125 0.0 2.2327e-08 0.0 0.0 0.0 0.0 
62.375 0.0 1.103088e-08 0.0 0.0 0.0 0.0 
62.625 0.0 2.6883768e-08 0.0 0.0 0.0 0.0 
62.875 0.0 1.0022892e-08 0.0 0.0 0.0 0.0 
63.125 0.0 2.823762e-08 0.0 0.0 3.285768e-09 0.0 
63.375 0.0 2.0558536e-08 0.0 0.0 0.0 0.0 
63.625 0.0 1.0885796e-08 0.0 0.0 0.0 0.0 
63.875 0.0 4.11564e-09 0.0 0.0 0.0 0.0 
64.125 0.0 1.6394608e-08 0.0 0.0 0.0 0.0 
64.375 0.0 5.6536e-09 0.0 0.0 0.0 0.0 
64.625 0.0 2.5620168e-08 0.0 0.0 0.0 0.0 
64.875 0.0 1.2667968e-08 0.0 0.0 0.0 0.0 
65.125 0.0 1.9442836e-08 0.0 0.0 0.0 0.0 
65.375 0.0 2.3351072e-08 0.0 0.0 0.0 0.0 
65.625 0.0 1.7889372e-08 0.0 0.0 0.0 0.0 
65.875 0.0 1.5713488e-08 0.0 0.0 0.0 0.0 
66.125 0.0 2.0645816e-08 0.0 0.0 0.0 0.0 
66.375 0.0 1.4916716e-08 0.0 0.0 0.0 0.0 
66.625 0.0 9.174772e-09 0.0 0.0 0.0 0.0 
66.875 0.0 9.883468e-09 0.0 0.0 0.0 0.0 
67.125 0.0 0.0 0.0 0.0 0.0 0.0 
67.375 0.0 2.033788e-08 0.0 0.0 0.0 0.0 
67.625 0.0 1.935336e-08 0.0 0.0 0.0 0.0 
67.875 0.0 1.5738236e-08 0.0 0.0 0.0 0.0 
68.125 0.0 8.7388e-09 0.0 0.0 0.0 0.0 
68.375 0.0 1.0598864e-08 0.0 0.0 0.0 0.0 
68.625 0.0 5.68096e-09 0.0 0.0 0.0 0.0 
68.875 0.0 0.0 0.0 0.0 0.0 0.0 
69.125 0.0 1.627234e-08 0.0 0.0 0.0 0.0 
69.375 0.0 1.293578e-08 0.0 0.0 0.0 0.0 
69.625 0.0 3.412496e-09 0.0 0.0 0.0 0.0 
69.875 0.0 8.628872e-09 0.0 0.0 0.0 0.0 
70.125 0.0 0.0 0.0 0.0 0.0 0.0 
70.375 0.0 3.9156e-09 0.0 0.0 0.0 0.0 
70.625 0.0 2.179806e-08 0.0 0.0 0.0 0.0 
70.875 0.0 8.219992e-09 0.0 0.0 0.0 0.0 
71.125 0.0 1.330324e-08 0.0 0.0 0.0 0.0 
71.375 0.0 0.0 0.0 0.0 0.0 0.0 
71.625 0.0 3.872984e-09 0.0 0.0 0.0 0.0 
71.875 0.0 4.42472e-09 0.0 0.0 0.0 0.0 
72.125 0.0 3.690328e-09 0.0 0.0 0.0 0.0 
72.375 0.0 1.4794292e-08 0.0 0.0 0.0 0.0 
72.625 0.0 0.0 0.0 0.0 0.0 0.0 
72.875 0.0 0.0 0.0 0.0 0.0 0.0 
73.125 0.0 8.36932e-09 0.0 0.0 0.0 0.0 
73.375 0.0 0.0 0.0 0.0 0.0 0.0 
73.625 0.0 1.064704e-08 0.0 0.0 0.0 0.0 
73.875 0.0 6.37828e-09 0.0 0.0 0.0 0.0 
74.125 0.0 1.322616e-08 0.0 0.0 0.0 0.0 
74.375 0.0 0.0 0.0 0.0 0.0 0.0 
74.625 0.0 1.257312e-08 0.0 0.0 0.0 0.0 
74.875 0.0 0.0 0.0 0.0 4.32552e-09 0.0 
75.125 0.0 4.496e-09 0.0 0.0 0.0 0.0 
75.375 0.0 1.846476e-08 0.0 0.0 0.0 0.0 
75.625 0.0 1.722168e-08 0.0 0.0 0.0 0.0 
75.875 0.0 6.78556e-09 0.0 0.0 0.0 0.0 
76.125 0.0 0.0 0.0 0.0 0.0 0.0 
76.375 0.0 7.06452e-09 0.0 0.0 0.0 0.0 
76.625 0.0 8.94116e-09 0.0 0.0 0.0 0.0 
76.875 0.0 4.20156e-09 0.0 0.0 0.0 0.0 
77.125 0.0 0.0 0.0 0.0 0.0 0.0 
77.375 0.0 0.0 0.0 0.0 0.0 0.0 
77.625 0.0 6.39352e-09 0.0 0.0 0.0 0.0 
77.875 0.0 1.823776e-08 0.0 0.0 0.0 0.0 
78.125 0.0 9.13064e-09 0.0 0.0 0.0 0.0 
78.375 0.0 5.38256e-09 0.0 0.0 0.0 0.0 
78.625 0.0 0.0 0.0 0.0 0.0 0.0 
78.875 0.0 0.0 0.0 0.0 0.0 0.0 
79.125 0.0 0.0 0.0 0.0 0.0 0.0 
79.375 0.0 0.0 0.0 0.0 0.0 0.0 
79.625 0.0 0.0 0.0 0.0 0.0 0.0 
79.875 0.0 9.46536e-09 0.0 0.0 0.0 0.0 
80.125 0.0 6.16888e-09 0.0 0.0 0.0 0.0 
80.375 0.0 0.0 0.0 0.0 0.0 0.0 
80.625 0.0 0.0 0.0 0.0 0.0 0.0 
80.875 0.0 0.0 0.0 0.0 0.0 0.0 
81.125 0.0 4.96044e-09 0.0 0.0 0.0 0.0 
81.375 0.0 0.0 0.0 0.0 0.0 0.0 
81.625 0.0 0.0 0.0 0.0 0.0 0.0 
81.875 0.0 0.0 0.0 0.0 0.0 0.0 
82.125 0.0 0.0 0.0 0.0 0.0 0.0 
82.375 0.0 8.06364e-09 0.0 0.0 0.0 0.0 
82.625 0.0 0.0 0.0 0.0 0.0 0.0 
82.875 0.0 0.0 0.0 0.0 0.0 0.0 
83.125 0.0 0.0 0.0 0.0 0.0 0.0 
83.375 0.0 0.0 0.0 0.0 0.0 0.0 
83.625 0.0 0.0 0.0 0.0 0.0 0.0 
83.875 0.0 0.0 0.0 0.0 0.0 0.0 
84.125 0.0 0.0 0.0 0.0 0.0 0.0 
84.375 0.0 0.0 0.0 0.0 0.0 0.0 
84.625 0.0 0.0 0.0 0.0 0.0 0.0 
84.875 0.0 0.0 0.0 0.0 0.0 0.0 
85.125 0.0 0.0 0.0 0.0 0.0 0.0 
85.375 0.0 0.0 0.0 0.0 0.0 0.0 
85.625 0.0 9.97396e-09 0.0 0.0 0.0 0.0 
85.875 0.0 0.0 0.0 0.0 0.0 0.0 
86.125 0.0 9.01672e-09 0.0 0.0 0.0 0.0 
86.375 0.0 0.0 0.0 0.0 0.0 0.0 
86.625 0.0 0.0 0.0 0.0 0.0 0.0 
86.875 0.0 0.0 0.0 0.0 0.0 0.0 
87.125 0.0 0.0 0.0 0.0 0.0 0.0 
87.375 0.0 0.0 0.0 0.0 0.0 0.0 
87.625 0.0 0.0 0.0 0.0 0.0 0.0 
87.875 0.0 0.0 0.0 0.0 0.0 0.0 
88.125 0.0 0.0 0.0 0.0 0.0 0.0 
88.375 0.0 0.0 0.0 0.0 0.0 0.0 
88.625 0.0 0.0 0.0 0.0 0.0 0.0 
88.875 0.0 0.0 0.0 0.0 0.0 0.0 
89.125 0.0 0.0 0.0 0.0 0.0 0.0 
89.375 0.0 0.0 0.0 0.0 0.0 0.0 
89.625 0.0 0.0 0.0 0.0 0.0 0.0 
89.875 0.0 0.0 0.0 0.0 0.0 0.0 
90.125 0.0 0.0 0.0 0.0 0.0 0.0 
90.375 0.0 0.0 0.0 0.0 0.0 0.0 
90.625 0.0 0.0 0.0 0.0 0.0 0.0 
90.875 0.0 0.0 0.0 0.0 0.0 0.0 
91.125 0.0 0.0 0.0 0.0 0.0 0.0 
91.375 0.0 0.0 0.0 0.0 0.0 0.0 
91.625 0.0 0.0 0.0 0.0 0.0 0.0 
91.875 0.0 0.0 0.0 0.0 0.0 0.0 
92.125 0.0 0.0 0.0 0.0 0.0 0.0 
92.375 0.0 0.0 0.0 0.0 0.0 0.0 
92.625 0.0 0.0 0.0 0.0 0.0 0.0 
92.875 0.0 0.0 0.0 0.0 0.0 0.0 
93.125 0.0 0.0 0.0 0.0 0.0 0.0 
93.375 0.0 0.0 0.0 0.0 0.0 0.0 
93.625 0.0 0.0 0.0 0.0 0.0 0.0 
93.875 0.0 0.0 0.0 0.0 0.0 0.0 
94.125 0.0 0.0 0.0 0.0 0.0 0.0 
94.375 0.0 0.0 0.0 0.0 0.0 0.0 
94.625 0.0 0.0 0.0 0.0 0.0 0.0 
94.875 0.0 0.0 0.0 0.0 0.0 0.0 
95.125 0.0 0.0 0.0 0.0 0.0 0.0 
95.375 0.0 0.0 0.0 0.0 0.0 0.0 
95.625 0.0 0.0 0.0 0.0 0.0 0.0 
95.875 0.0 0.0 0.0 0.0 0.0 0.0 
96.125 0.0 0.0 0.0 0.0 0.0 0.0 
96.375 0.0 0.0 0.0 0.0 0.0 0.0 
96.625 0.0 0.0 0.0 0.0 0.0 0.0 
96.875 0.0 0.0 0.0 0.0 0.0 0.0 
97.125 0.0 0.0 0.0 0.0 0.0 0.0 
97.375 0.0 0.0 0.0 0.0 0.0 0.0 
97.625 0.0 0.0 0.0 0.0 0.0 0.0 
97.875 0.0 0.0 0.0 0.0 0.0 0.0 
98.125 0.0 0.0 0.0 0.0 0.0 0.0 
98.375 0.0 0.0 0.0 0.0 0.0 0.0 
98.625 0.0 0.0 0.0 0.0 0.0 0.0 
98.875 0.0 0.0 0.0 0.0 0.0 0.0 
99.125 0.0 0.0 0.0 0.0 0.0 0.0 
99.375 0.0 0.0 0.0 0.0 0.0 0.0 
99.625 0.0 0.0 0.0 0.0 0.0 0.0 
99.875 0.0 0.0 0.0 0.0 0.0 0.0 
100.125 0.0 0.0 0.0 0.0 0.0 0.0 
100.375 0.0 0.0 0.0 0.0 0.0 0.0 
100.625 0.0 0.0 0.0 0.0 0.0 0.0 
100.875 0.0 0.0 0.0 0.0 0.0 0.0 
101.125 0.0 0.0 0.0 0.0 0.0 0.0 
101.375 0.0 0.0 0.0 0.0 0.0 0.0 
101.625 0.0 0.0 0.0 0.0 0.0 0.0 
101.875 0.0 0.0 0.0 0.0 0.0 0.0 
102.125 0.0 0.0 0.0 0.0 0.0 0.0 
102.375 0.0 0.0 0.0 0.0 0.0 0.0 
102.625 0.0 0.0 0.0 0.0 0.0 0.0 
102.875 0.0 0.0 0.0 0.0 0.0 0.0 
103.125 0.0 0.0 0.0 0.0 0.0 0.0 
103.375 0.0 0.0 0.0 0.0 0.0 0.0 
103.625 0.0 0.0 0.0 0.0 0.0 0.0 
103.875 0.0 0.0 0.0 0.0 0.0 0.0 
104.125 0.0 0.0 0.0 0.0 0.0 0.0 
104.375 0.0 0.0 0.0 0.0 0.0 0.0 
104.625 0.0 0.0 0.0 0.0 0.0 0.0 
104.875 0.0 0.0 0.0 0.0 0.0 0.0 
105.125 0.0 0.0 0.0 0.0 0.0 0.0 
105.375 0.0 0.0 0.0 0.0 0.0 0.0 
105.625 0.0 0.0 0.0 0.0 0.0 0.0 
105.875 0.0 0.0 0.0 0.0 0.0 0.0 
106.125 0.0 0.0 0.0 0.0 0.0 0.0 
106.375 0.0 0.0 0.0 0.0 0.0 0.0 
106.625 0.0 0.0 0.0 0.0 0.0 0.0 
106.875 0.0 0.0 0.0 0.0 0.0 0.0 
107.125 0.0 0.0 0.0 0.0 0.0 0.0 
107.375 0.0 0.0 0.0 0.0 0.0 0.0 
107.625 0.0 0.0 0.0 0.0 0.0 0.0 
107.875 0.0 0.0 0.0 0.0 0.0 0.0 
108.125 0.0 0.0 0.0 0.0 0.0 0.0 
108.375 0.0 0.0 0.0 0.0 0.0 0.0 
108.625 0.0 0.0 0.0 0.0 0.0 0.0 
108.875 0.0 0.0 0.0 0.0 0.0 0.0 
109.125 0.0 0.0 0.0 0.0 0.0 0.0 
109.375 0.0 0.0 0.0 0.0 0.0 0.0 
109.625 0.0 0.0 0.0 0.0 0.0 0.0 
109.875 0.0 0.0 0.0 0.0 0.0 0.0 
110.125 0.0 0.0 0.0 0.0 0.0 0.0 
110.375 0.0 0.0 0.0 0.0 0.0 0.0 
110.625 0.0 0.0 0.0 0.0 0.0 0.0 
110.875 0.0 0.0 0.0 0.0 0.0 0.0 
111.125 0.0 0.0 0.0 0.0 0.0 0.0 
111.375 0.0 0.0 0.0 0.0 0.0 0.0 
111.625 0.0 0.0 0.0 0.0 0.0 0.0 
111.875 0.0 0.0 0.0 0.0 0.0 0.0 
112.125 0.0 0.0 0.0 0.0 0.0 0.0 
112.375 0.0 0.0 0.0 0.0 0.0 0.0 
112.625 0.0 0.0 0.0 0.0 0.0 0.0 
112.875 0.0 0.0 0.0 0.0 0.0 0.0 
113.125 0.0 0.0 0.0 0.0 0.0 0.0 
113.375 0.0 0.0 0.0 0.0 0.0 0.0 
113.625 0.0 0.0 0.0 0.0 0.0 0.0 
113.875 0.0 0.0 0.0 0.0 0.0 0.0 
114.125 0.0 0.0 0.0 0.0 0.0 0.0 
114.375 0.0 0.0 0.0 0.0 0.0 0.0 
114.625 0.0 0.0 0.0 0.0 0.0 0.0 
114.875 0.0 0.0 0.0 0.0 0.0 0.0 
115.125 0.0 0.0 0.0 0.0 0.0 0.0 
115.375 0.0 0.0 0.0 0.0 0.0 0.0 
115.625 0.0 0.0 0.0 0.0 0.0 0.0 
115.875 0.0 0.0 0.0 0.0 0.0 0.0 
116.125 0.0 0.0 0.0 0.0 0.0 0.0 
116.375 0.0 0.0 0.0 0.0 0.0 0.0 
116.625 0.0 0.0 0.0 0.0 0.0 0.0 
116.875 0.0 0.0 0.0 0.0 0.0 0.0 
117.125 0.0 0.0 0.0 0.0 0.0 0.0 
117.375 0.0 0.0 0.0 0.0 0.0 0.0 
117.625 0.0 0.0 0.0 0.0 0.0 0.0 
117.875 0.0 0.0 0.0 0.0 0.0 0.0 
118.125 0.0 0.0 0.0 0.0 0.0 0.0 
118.375 0.0 0.0 0.0 0.0 0.0 0.0 
118.625 0.0 0.0 0.0 0.0 0.0 0.0 
118.875 0.0 0.0 0.0 0.0 0.0 0.0 
119.125 0.0 0.0 0.0 0.0 0.0 0.0 
119.375 0.0 0.0 0.0 0.0 0.0 0.0 
119.625 0.0 0.0 0.0 0.0 0.0 0.0 
119.875 0.0 0.0 0.0 0.0 0.0 0.0 
120.125 0.0 0.0 0.0 0.0 0.0 0.0 
120.375 0.0 0.0 0.0 0.0 0.0 0.0 
120.625 0.0 0.0 0.0 0.0 0.0 0.0 
120.875 0.0 0.0 0.0 0.0 0.0 0.0 
121.125 0.0 0.0 0.0 0.0 0.0 0.0 
121.375 0.0 0.0 0.0 0.0 0.0 0.0 
121.625 0.0 0.0 0.0 0.0 0.0 0.0 
121.875 0.0 0.0 0.0 0.0 0.0 0.0 
122.125 0.0 0.0 0.0 0.0 0.0 0.0 
122.375 0.0 0.0 0.0 0.0 0.0 0.0 
122.625 0.0 0.0 0.0 0.0 0.0 0.0 
122.875 0.0 0.0 0.0 0.0 0.0 0.0 
123.125 0.0 0.0 0.0 0.0 0.0 0.0 
123.375 0.0 0.0 0.0 0.0 0.0 0.0 
123.625 0.0 0.0 0.0 0.0 0.0 0.0 
123.875 0.0 0.0 0.0 0.0 0.0 0.0 
124.125 0.0 0.0 0.0 0.0 0.0 0.0 
124.375 0.0 0.0 0.0 0.0 0.0 0.0 
124.625 0.0 0.0 0.0 0.0 0.0 0.0 
124.875 0.0 0.0 0.0 0.0 0.0 0.0 
125.125 0.0 0.0 0.0 0.0 0.0 0.0 
