0.125 3.75576576e-07 3.63290804e-05 0.0 4.27946672e-07 3.40735956e-05 0.0 
0.375 3.9137484e-07 1.72896664e-05 0.0 5.07758596e-07 2.7869964e-05 0.0 
0.625 3.60477808e-07 1.231575084e-05 0.0 4.99651084e-07 3.213596e-05 0.0 
0.875 3.03458192e-07 1.04363446e-05 0.0 4.544641404e-07 2.97881852e-05 0.0 
1.125 2.926153608e-07 8.62091844e-06 0.0 4.500491152e-07 2.06202512e-05 0.0 
1.375 2.617099536e-07 7.33132524e-06 0.0 5.046892612e-07 2.37568828e-05 0.0 
1.625 2.431518388e-07 7.06359568e-06 0.0 4.952902072e-07 3.65235888e-05 0.0 
1.875 2.40102816e-07 6.67486748e-06 0.0 5.278544296e-07 5.94726376e-05 0.0 
2.125 2.189940748e-07 6.53827028e-06 0.0 5.4826253e-07 8.52166868e-05 0.0 
2.375 2.194973224e-07 6.26864796e-06 0.0 5.495120576e-07 0.0001063531088 0.0 
2.625 1.917952228e-07 6.0372894e-06 0.0 5.821480172e-07 0.000124781756 0.0 
2.875 1.91946934e-07 5.68600144e-06 0.0 6.117357204e-07 0.000144463708 0.0 
3.125 1.773655312e-07 5.3260486e-06 0.0 6.154877224e-07 0.00015149326 0.0 
3.375 1.8925774976e-07 5.17268212e-06 0.0 5.677581796e-07 0.00015114078 0.0 
3.625 1.861548848e-07 4.87683272e-06 0.0 6.410218696e-07 0.00015320338 0.0 
3.875 1.6954380384e-07 4.74408052e-06 0.0 6.291753776e-07 0.000154604076 0.0 
4.125 1.6966520388e-07 4.46186824e-06 0.0 6.0915498628e-07 0.000150969348 0.0 
4.375 1.752942576e-07 3.87969726e-06 0.0 5.860746276e-07 0.0001439136 0.0 
4.625 1.734323344e-07 3.92778548e-06 0.0 5.2587435856e-07 0.0001316745268 0.0 
4.875 1.723674112e-07 3.893007492e-06 0.0 5.190544344e-07 0.0001226434148 0.0 
5.125 1.5557608092e-07 3.556363252e-06 0.0 4.18604622e-07 0.0001144791848 0.0 
5.375 1.4442690908e-07 3.430310944e-06 0.0 4.205519768e-07 0.0001069662464 0.0 
5.625 1.435293124e-07 3.344052408e-06 0.0 5.017639508e-07 0.0001013220048 0.0 
5.875 1.484551544e-07 3.082728896e-06 0.0 3.783469844e-07 9.74236948e-05 0.0 
6.125 1.4275028196e-07 2.92428222e-06 0.0 3.806879492e-07 9.33281216e-05 0.0 
6.375 1.431973916e-07 3.0111754e-06 0.0 4.48375036e-07 9.1110796e-05 0.0 
6.625 1.4762081e-07 2.6529405836e-06 0.0 3.934170716e-07 8.81248156e-05 0.0 
6.875 1.23922398e-07 2.658578668e-06 0.0 3.020589948e-07 8.3849234e-05 0.0 
7.125 1.308351204e-07 2.484348584e-06 0.0 3.59652132e-07 8.23552712e-05 0.0 
7.375 1.239746416e-07 2.35755686e-06 0.0 3.39798324e-07 7.84121684e-05 0.0 
7.625 1.220276876e-07 2.626145624e-06 0.0 3.294102384e-07 7.5506004e-05 0.0 
7.875 1.28047834e-07 2.11280866e-06 0.0 3.34511454e-07 7.14065996e-05 0.0 
8.125 1.214211072e-07 2.1144916276e-06 0.0 3.458962988e-07 6.98890644e-05 0.0 
8.375 1.374012824e-07 2.1704774892e-06 0.0 2.942914584e-07 6.44958352e-05 0.0 
8.625 1.140674464e-07 2.0568200408e-06 0.0 3.09870852e-07 6.03199552e-05 0.0 
8.875 1.04584066e-07 2.1519266084e-06 0.0 2.721977964e-07 5.51354604e-05 0.0 
9.125 1.140972432e-07 1.9170766824e-06 0.0 2.925431196e-07 5.17339092e-05 0.0 
9.375 1.1150096e-07 1.9696429088e-06 0.0 2.248295168e-07 4.70377076e-05 0.0 
9.625 1.018744688e-07 1.9735429588e-06 0.0 1.853135588e-07 4.1699692e-05 0.0 
9.875 8.7880082e-08 1.9417868648e-06 0.0 2.219833916e-07 3.88804872e-05 0.0 
10.125 8.99741692e-08 1.790477778e-06 0.0 2.193951672e-07 3.53462932e-05 0.0 
10.375 8.45904156e-08 1.706693816e-06 0.0 2.69497702e-07 3.14804808e-05 0.0 
10.625 8.24889552e-08 1.7882976008e-06 0.0 2.17383476e-07 2.84350204e-05 0.0 
10.875 7.70494036e-08 1.6542954948e-06 0.0 2.056659608e-07 2.525565848e-05 0.0 
11.125 8.75123576e-08 1.8735896844e-06 0.0 2.13528106e-07 2.259872304e-05 0.0 
11.375 7.56110268e-08 1.6278012628e-06 0.0 1.964606852e-07 1.941523348e-05 0.0 
11.625 6.55464488e-08 1.5445346896e-06 0.0 1.519363768e-07 1.708287836e-05 0.0 
11.875 7.10261776e-08 1.5956254272e-06 0.0 1.620378236e-07 1.4567994512e-05 0.0 
12.125 7.64864148e-08 1.3529741432e-06 0.0 1.392586912e-07 1.2608370264e-05 0.0 
12.375 6.36984324e-08 1.4567098164e-06 0.0 1.539155348e-07 1.0272320732e-05 0.0 
12.625 1.001678788e-07 1.4475101576e-06 0.0 1.629140176e-07 8.535515212e-06 0.0 
12.875 7.2865864e-08 1.1524515684e-06 0.0 1.26782128e-07 7.164661304e-06 0.0 
13.125 9.32930884e-08 1.3567246708e-06 0.0 1.139738172e-07 6.675352412e-06 0.0 
13.375 6.21095236e-08 1.1648657324e-06 0.0 1.088724628e-07 5.380224828e-06 0.0 
13.625 5.57336524e-08 1.1928679656e-06 0.0 1.092100604e-07 4.040110252e-06 0.0 
13.875 4.64056356e-08 9.981042312e-07 0.0 1.302195536e-07 3.638026052e-06 0.0 
14.125 6.05219668e-08 9.306281552e-07 0.0 1.50223246e-07 3.478844196e-06 0.0 
14.375 5.92370724e-08 8.003585536e-07 0.0 1.233319568e-07 2.686452188e-06 0.0 
14.625 4.616184e-08 9.557958504e-07 0.0 1.123738992e-07 2.5505126216e-06 0.0 
14.875 5.15409556e-08 8.717649148e-07 0.0 1.233884984e-07 2.128832472e-06 0.0 
15.125 4.4041812e-08 7.279521332e-07 0.0 9.6259722e-08 2.121678132e-06 0.0 
15.375 4.94980212e-08 7.697220016e-07 0.0 1.494863944e-07 1.746834892e-06 0.0 
15.625 4.409398e-08 7.591907488e-07 0.0 8.0223472e-08 1.852953092e-06 0.0 
15.875 2.74179956e-08 5.117126236e-07 0.0 1.030274116e-07 1.514235852e-06 0.0 
16.125 4.23386136e-08 7.276656324e-07 0.0 7.64302184e-08 1.280451328e-06 0.0 
16.375 4.07476304e-08 7.495737728e-07 0.0 7.14648128e-08 1.387311128e-06 0.0 
16.625 4.13221572e-08 6.878158908e-07 0.0 8.86740888e-08 1.352695836e-06 0.0 
16.875 3.91315088e-08 7.096814796e-07 0.0 7.17023644e-08 1.247534684e-06 0.0 
17.125 3.93493884e-08 4.585597216e-07 0.0 7.53656712e-08 1.120042996e-06 0.0 
17.375 3.73240088e-08 5.157103068e-07 0.0 7.25581156e-08 1.2596405956e-06 0.0 
17.625 3.66223164e-08 3.888562684e-07 0.0 7.4568396e-08 1.199325052e-06 0.0 
17.875 3.40518688e-08 6.462687912e-07 0.0 6.803666e-08 1.1118215e-06 0.0 
18.125 3.3706824e-08 5.83986226e-07 0.0 6.3626908e-08 1.216579784e-06 0.0 
18.375 4.1574022e-08 5.374756664e-07 0.0 7.44216068e-08 1.191532848e-06 0.0 
18.625 3.95044816e-08 5.111615896e-07 0.0 9.17584e-08 9.005534e-07 0.0 
18.875 2.75025968e-08 4.255867624e-07 0.0 7.33699592e-08 1.0975204796e-06 0.0 
19.125 2.80523072e-08 5.471022232e-07 0.0 6.03689152e-08 1.061923732e-06 0.0 
19.375 3.5050788e-08 5.309932872e-07 0.0 4.62765932e-08 1.081289812e-06 0.0 
19.625 2.8572524e-08 4.636545268e-07 0.0 5.106516e-08 1.016326836e-06 0.0 
19.875 2.3181776e-08 5.4997215e-07 0.0 5.23536304e-08 9.06864796e-07 0.0 
20.125 1.56286944e-08 2.591125296e-07 0.0 3.5392172e-08 8.893942096e-07 0.0 
20.375 3.375122e-08 4.546539436e-07 0.0 4.4890668e-08 8.687142692e-07 0.0 
20.625 2.6886484e-08 4.655218572e-07 0.0 4.102224e-08 1.0222355304e-06 0.0 
20.875 1.6807556e-08 2.8309529e-07 0.0 3.4906044e-08 7.80077884e-07 0.0 
21.125 2.5070544e-08 4.748438e-07 0.0 4.8516932e-08 8.212923436e-07 0.0 
21.375 2.3737488e-08 2.720216604e-07 0.0 2.96599e-08 8.1674914e-07 0.0 
21.625 1.7325304e-08 3.530643912e-07 0.0 3.969074e-08 8.472777328e-07 0.0 
21.875 2.04556248e-08 3.401195192e-07 0.0 3.7154616e-08 8.08881028e-07 0.0 
22.125 1.9864936e-08 3.31221402e-07 0.0 2.5683412e-08 7.78451416e-07 0.0 
22.375 1.6393196e-08 2.767679572e-07 0.0 2.8076204e-08 7.657073556e-07 0.0 
22.625 9.14094e-09 2.647745368e-07 0.0 3.3138888e-08 8.50389162e-07 0.0 
22.875 1.5100676e-08 2.972730532e-07 0.0 2.9648388e-08 7.51018492e-07 0.0 
23.125 1.3474228e-08 2.538374588e-07 0.0 2.845622e-08 7.40739844e-07 0.0 
23.375 1.8993028e-08 3.83373384e-07 0.0 2.8808948e-08 7.541127224e-07 0.0 
23.625 1.7586276e-08 2.103344072e-07 0.0 3.0691712e-08 7.62018956e-07 0.0 
23.875 1.321958e-08 1.914073856e-07 0.0 6.4423472e-08 7.4317528e-07 0.0 
24.125 9.408808e-09 1.87381232e-07 0.0 2.228868e-08 6.89013512e-07 0.0 
24.375 9.385684e-09 1.87341136e-07 0.0 2.5585832e-08 7.0356026e-07 0.0 
24.625 1.3997348e-08 2.8409866e-07 0.0 2.5330588e-08 6.22323684e-07 0.0 
24.875 1.3309572e-08 2.54537732e-07 0.0 2.3864468e-08 6.27763256e-07 0.0 
25.125 1.2003392e-08 2.17977304e-07 0.0 2.0130212e-08 6.27501852e-07 0.0 
25.375 1.055432e-08 2.4586336e-07 0.0 2.1958464e-08 5.9070894e-07 0.0 
25.625 9.30304e-09 1.87209364e-07 0.0 2.10172e-08 6.16356564e-07 0.0 
25.875 1.3183308e-08 1.83895532e-07 0.0 1.3381684e-08 5.72714664e-07 0.0 
26.125 7.287264e-09 1.4279024e-07 0.0 1.4303436e-08 5.46206332e-07 0.0 
26.375 1.294222e-08 1.84467292e-07 0.0 1.3623844e-08 5.54098784e-07 0.0 
26.625 1.2159372e-08 1.58650536e-07 0.0 1.7186044e-08 6.46475472e-07 0.0 
26.875 1.6669692e-08 1.72005108e-07 0.0 2.2215348e-08 5.5069004e-07 0.0 
27.125 4.87294e-09 2.33344704e-07 0.0 7.799916e-09 6.36701328e-07 0.0 
27.375 5.455884e-09 2.702147e-07 0.0 1.1484612e-08 4.94865172e-07 0.0 
27.625 2.1182252e-08 1.44853032e-07 0.0 1.4758452e-08 5.32298824e-07 0.0 
27.875 2.0192748e-08 1.55810992e-07 0.0 7.109292e-09 5.05343128e-07 0.0 
28.125 4.618308e-09 1.29753152e-07 0.0 5.942844e-09 4.7170256e-07 0.0 
28.375 6.730252e-09 1.74497688e-07 0.0 7.889448e-09 4.53182388e-07 0.0 
28.625 4.50432e-09 1.39477564e-07 0.0 1.0853712e-08 4.47883392e-07 0.0 
28.875 6.457856e-09 1.18954436e-07 0.0 1.0857184e-08 5.59878548e-07 0.0 
29.125 1.0479764e-08 2.32914688e-07 0.0 5.271724e-09 5.31097008e-07 0.0 
29.375 6.86104e-09 1.15358168e-07 0.0 5.251144e-09 4.24035356e-07 0.0 
29.625 1.1489528e-08 1.13415696e-07 0.0 7.397828e-09 4.4799388e-07 0.0 
29.875 7.81692e-09 1.31558364e-07 0.0 1.4704872e-08 3.70443784e-07 0.0 
30.125 9.00776e-09 1.55352496e-07 0.0 8.74298e-09 3.904154e-07 0.0 
30.375 6.807756e-09 1.74942832e-07 0.0 1.0299372e-08 3.61393596e-07 0.0 
30.625 7.34604e-09 1.13157148e-07 0.0 8.00408e-09 4.3116738e-07 0.0 
30.875 9.004156e-09 1.17658352e-07 0.0 1.001092e-09 3.39695664e-07 0.0 
31.125 1.0068356e-08 1.03818144e-07 0.0 5.450432e-09 3.8692234e-07 0.0 
31.375 1.6118568e-08 1.7296308e-07 0.0 5.911664e-09 3.2994854e-07 0.0 
31.625 1.682776e-09 9.270818e-08 0.0 7.261068e-09 3.02669168e-07 0.0 
31.875 9.54452e-10 9.7455088e-08 0.0 6.142216e-09 3.12165684e-07 0.0 
32.125 7.95994e-09 9.7250316e-08 0.0 1.0090956e-08 2.94327628e-07 0.0 
32.375 7.969868e-09 1.65591124e-07 0.0 8.13924e-09 3.12132356e-07 0.0 
32.625 3.201572e-09 8.9698872e-08 0.0 6.734688e-09 3.1012478e-07 0.0 
32.875 8.137696e-09 7.6816864e-08 0.0 0.0 2.60438396e-07 0.0 
33.125 0.0 9.6868648e-08 0.0 6.314464e-09 2.66499056e-07 0.0 
33.375 1.331956e-09 8.9850412e-08 0.0 2.193456e-09 2.76753964e-07 0.0 
33.625 9.271428e-09 1.00065024e-07 0.0 2.492364e-09 2.44944316e-07 0.0 
33.875 0.0 6.6013404e-08 0.0 3.48656e-09 2.45170308e-07 0.0 
34.125 0.0 1.67098148e-07 0.0 0.0 2.367824e-07 0.0 
34.375 4.176056e-09 1.05058088e-07 0.0 2.378552e-09 2.07233652e-07 0.0 
34.625 1.036252e-08 8.2987028e-08 0.0 5.946896e-09 1.85531404e-07 0.0 
34.875 4.848368e-09 7.6594408e-08 0.0 4.064376e-09 2.11052792e-07 0.0 
35.125 2.25284e-09 8.1190368e-08 0.0 9.510844e-09 1.86424708e-07 0.0 
35.375 2.263156e-09 8.4690152e-08 0.0 6.352588e-09 1.70845204e-07 0.0 
35.625 7.543572e-09 7.1749384e-08 0.0 6.495892e-09 1.49322596e-07 0.0 
35.875 2.160464e-09 7.6300928e-08 0.0 1.4765e-09 1.58046364e-07 0.0 
36.125 0.0 8.0812992e-08 0.0 4.524984e-09 1.54083636e-07 0.0 
36.375 2.64108e-09 8.4783192e-08 0.0 1.65598e-09 1.65146964e-07 0.0 
36.625 0.0 8.1952372e-08 0.0 2.030676e-09 1.71313792e-07 0.0 
36.875 1.511676e-09 9.4319124e-08 0.0 5.507032e-09 1.35628608e-07 0.0 
37.125 6.273552e-09 6.7960016e-08 0.0 0.0 1.49282576e-07 0.0 
37.375 7.610952e-09 6.8975508e-08 0.0 0.0 1.1522348e-07 0.0 
37.625 2.306552e-09 7.0482736e-08 0.0 1.6006e-09 1.06984304e-07 0.0 
37.875 3.738968e-09 6.4279784e-08 0.0 3.527224e-09 1.15366792e-07 0.0 
38.125 4.232736e-09 5.4486972e-08 0.0 5.711224e-09 1.40811296e-07 0.0 
38.375 0.0 8.084296e-08 0.0 0.0 1.30827648e-07 0.0 
38.625 4.33776e-09 7.223588e-08 0.0 0.0 1.03269464e-07 0.0 
38.875 0.0 5.880148e-08 0.0 0.0 1.12058548e-07 0.0 
39.125 0.0 6.5749732e-08 0.0 1.1723744e-08 1.07113396e-07 0.0 
39.375 0.0 6.5007836e-08 0.0 2.87214e-09 1.07817024e-07 0.0 
39.625 6.281748e-09 5.3408436e-08 0.0 0.0 9.1561416e-08 0.0 
39.875 0.0 8.5804968e-08 0.0 0.0 8.4649076e-08 0.0 
40.125 0.0 8.2896104e-08 0.0 0.0 8.1698888e-08 0.0 
40.375 3.454168e-09 7.1441152e-08 0.0 0.0 8.453812e-08 0.0 
40.625 7.000428e-09 8.1336604e-08 0.0 0.0 6.8461604e-08 0.0 
40.875 2.875908e-09 6.6270632e-08 0.0 0.0 7.9419728e-08 0.0 
41.125 0.0 5.9541516e-08 0.0 0.0 8.47653e-08 0.0 
41.375 0.0 8.0420492e-08 0.0 0.0 6.7659612e-08 0.0 
41.625 3.031312e-09 5.4807252e-08 0.0 0.0 4.482222e-08 0.0 
41.875 0.0 6.5303756e-08 0.0 0.0 8.4698908e-08 0.0 
42.125 4.023612e-09 3.8382888e-08 0.0 0.0 5.137774e-08 0.0 
42.375 2.362052e-09 5.1488612e-08 0.0 0.0 4.2182732e-08 0.0 
42.625 0.0 6.2114616e-08 0.0 0.0 5.839926e-08 0.0 
42.875 0.0 5.9563684e-08 0.0 0.0 3.9888656e-08 0.0 
43.125 7.71256e-09 6.690822e-08 0.0 0.0 4.8737612e-08 0.0 
43.375 0.0 6.2311832e-08 0.0 0.0 4.570526e-08 0.0 
43.625 4.45244e-09 3.7508204e-08 0.0 0.0 4.7044604e-08 0.0 
43.875 0.0 4.5613844e-08 0.0 0.0 4.0289744e-08 0.0 
44.125 0.0 3.9925484e-08 0.0 0.0 3.643232e-08 0.0 
44.375 3.262276e-09 3.7665112e-08 0.0 0.0 3.9371664e-08 0.0 
44.625 0.0 4.0426048e-08 0.0 0.0 4.2727388e-08 0.0 
44.875 7.09748e-09 5.4982656e-08 0.0 0.0 2.830226e-08 0.0 
45.125 2.43924e-09 4.7843732e-08 0.0 0.0 5.1172176e-08 0.0 
45.375 0.0 5.1839512e-08 0.0 0.0 4.8663876e-08 0.0 
45.625 0.0 5.9593504e-08 0.0 0.0 3.7708756e-08 0.0 
45.875 0.0 4.7435448e-08 0.0 0.0 2.7800464e-08 0.0 
46.125 0.0 4.332148e-08 0.0 0.0 2.2398e-08 0.0 
46.375 0.0 4.5174176e-08 0.0 0.0 2.3110624e-08 0.0 
46.625 0.0 4.9104272e-08 0.0 0.0 3.0293564e-08 0.0 
46.875 4.02412e-09 3.867296e-08 0.0 0.0 2.058504e-08 0.0 
47.125 0.0 4.8073052e-08 0.0 0.0 1.5943688e-08 0.0 
47.375 0.0 4.3056756e-08 0.0 0.0 1.8919756e-08 0.0 
47.625 3.396592e-09 2.9489824e-08 0.0 0.0 2.4913628e-08 0.0 
47.875 2.747672e-09 4.114474e-08 0.0 0.0 1.9883092e-08 0.0 
48.125 0.0 5.4914956e-08 0.0 0.0 1.4242824e-08 0.0 
48.375 0.0 3.8617152e-08 0.0 0.0 1.7849948e-08 0.0 
48.625 0.0 4.5171204e-08 0.0 0.0 1.1555996e-08 0.0 
48.875 0.0 4.11587e-08 0.0 0.0 2.4905308e-08 0.0 
49.125 0.0 2.5438776e-08 0.0 0.0 9.549976e-09 0.0 
49.375 2.573056e-09 4.3129492e-08 0.0 0.0 1.2090964e-08 0.0 
49.625 0.0 2.38394e-08 0.0 0.0 1.8365552e-08 0.0 
49.875 0.0 3.041732e-08 0.0 0.0 9.985536e-09 0.0 
50.125 0.0 3.9691732e-08 0.0 0.0 8.91316e-09 0.0 
50.375 0.0 2.2314376e-08 0.0 0.0 6.613836e-09 0.0 
50.625 0.0 1.5454784e-08 0.0 0.0 1.1484764e-08 0.0 
50.875 9.7284e-09 3.4140204e-08 0.0 4.11792e-09 1.0299872e-08 0.0 
51.125 0.0 3.7247684e-08 0.0 0.0 1.0843024e-08 0.0 
51.375 0.0 3.675984e-08 0.0 0.0 1.1670188e-08 0.0 
51.625 0.0 1.9649444e-08 0.0 0.0 6.536208e-09 0.0 
51.875 0.0 3.0134284e-08 0.0 0.0 1.337032e-08 0.0 
52.125 0.0 1.7402292e-08 0.0 0.0 0.0 0.0 
52.375 0.0 3.2192116e-08 0.0 0.0 5.927288e-09 0.0 
52.625 0.0 2.1754948e-08 0.0 0.0 6.082292e-09 0.0 
52.875 0.0 2.6728496e-08 0.0 0.0 9.144868e-09 0.0 
53.125 0.0 2.0086916e-08 0.0 0.0 1.977796e-08 0.0 
53.375 0.0 2.6084636e-08 0.0 0.0 2.473856e-09 0.0 
53.625 0.0 1.4051572e-08 0.0 0.0 6.292028e-09 0.0 
53.875 0.0 2.9743172e-08 0.0 0.0 1.1860932e-08 0.0 
54.125 0.0 3.3593136e-08 0.0 0.0 2.39528e-09 0.0 
54.375 0.0 3.2803504e-08 0.0 0.0 0.0 0.0 
54.625 0.0 1.6233856e-08 0.0 0.0 1.0579488e-08 0.0 
54.875 0.0 1.9216104e-08 0.0 0.0 6.255912e-09 0.0 
55.125 3.811644e-09 3.19925e-08 0.0 0.0 3.078316e-09 0.0 
55.375 0.0 2.0701552e-08 0.0 0.0 0.0 0.0 
55.625 0.0 1.1306708e-08 0.0 0.0 3.1128e-09 0.0 
55.875 0.0 2.183632e-08 0.0 0.0 3.591712e-09 0.0 
56.125 0.0 1.8998452e-08 0.0 0.0 1.6495352e-08 0.0 
56.375 0.0 2.5150964e-08 0.0 0.0 5.88928e-09 0.0 
56.625 0.0 8.9882e-09 0.0 0.0 3.742032e-09 0.0 
56.875 0.0 1.3786716e-08 0.0 0.0 0.0 0.0 
57.125 0.0 1.5532876e-08 0.0 0.0 6.227732e-09 0.0 
57.375 0.0 3.927132e-09 0.0 0.0 0.0 0.0 
57.625 0.0 1.7939404e-08 0.0 0.0 2.70974e-09 0.0 
57.875 0.0 9.507572e-09 0.0 0.0 0.0 0.0 
58.125 0.0 8.420796e-09 0.0 0.0 0.0 0.0 
58.375 0.0 2.0939728e-08 0.0 0.0 3.175292e-09 0.0 
58.625 0.0 1.6769184e-08 0.0 0.0 0.0 0.0 
58.875 0.0 2.2920916e-08 0.0 0.0 4.46192e-09 0.0 
59.125 0.0 2.5104448e-08 0.0 0.0 5.5294e-09 0.0 
59.375 0.0 1.7097572e-08 0.0 0.0 7.953544e-09 0.0 
59.625 0.0 1.4305468e-08 0.0 0.0 3.114948e-09 0.0 
59.875 0.0 1.60172e-08 0.0 0.0 0.0 0.0 
60.125 0.0 1.7049516e-08 0.0 0.0 0.0 0.0 
60.375 0.0 5.21634e-09 0.0 0.0 0.0 0.0 
60.625 0.0 7.075688e-09 0.0 0.0 3.43232e-09 0.0 
60.875 0.0 1.8095436e-08 0.0 0.0 6.63128e-09 0.0 
61.125 0.0 1.3631892e-08 0.0 0.0 0.0 0.0 
61.375 0.0 6.304476e-09 0.0 0.0 0.0 0.0 
61.625 0.0 9.33576e-09 0.0 0.0 0.0 0.0 
61.875 0.0 1.8300908e-08 0.0 0.0 0.0 0.0 
62.125 0.0 1.493748e-08 0.0 0.0 0.0 0.0 
62.375 0.0 0.0 0.0 0.0 0.0 0.0 
62.625 0.0 1.087808e-08 0.0 0.0 6.98308e-09 0.0 
62.875 0.0 3.491428e-09 0.0 0.0 0.0 0.0 
63.125 0.0 5.73838e-09 0.0 0.0 3.238712e-09 0.0 
63.375 0.0 3.25302e-09 0.0 0.0 0.0 0.0 
63.625 0.0 2.1625324e-08 0.0 0.0 5.3342e-09 0.0 
63.875 0.0 9.653224e-09 0.0 0.0 0.0 0.0 
64.125 0.0 1.7285076e-08 0.0 0.0 0.0 0.0 
64.375 0.0 1.1942104e-08 0.0 0.0 0.0 0.0 
64.625 0.0 1.8211332e-08 0.0 0.0 3.454404e-09 0.0 
64.875 0.0 1.0136408e-08 0.0 0.0 0.0 0.0 
65.125 0.0 6.93332e-09 0.0 0.0 0.0 0.0 
65.375 0.0 6.84636e-09 0.0 0.0 0.0 0.0 
65.625 0.0 3.018272e-09 0.0 0.0 0.0 0.0 
65.875 0.0 1.68356e-08 0.0 0.0 0.0 0.0 
66.125 0.0 1.0974776e-08 0.0 0.0 0.0 0.0 
66.375 0.0 1.7891824e-08 0.0 0.0 0.0 0.0 
66.625 0.0 3.201012e-09 0.0 0.0 0.0 0.0 
66.875 0.0 6.01244e-09 0.0 0.0 0.0 0.0 
67.125 0.0 0.0 0.0 0.0 0.0 0.0 
67.375 0.0 1.717084e-08 0.0 0.0 0.0 0.0 
67.625 0.0 7.65116e-09 0.0 0.0 0.0 0.0 
67.875 0.0 1.7444e-08 0.0 0.0 0.0 0.0 
68.125 0.0 0.0 0.0 0.0 0.0 0.0 
68.375 0.0 1.96435e-08 0.0 0.0 4.10356e-09 0.0 
68.625 0.0 0.0 0.0 0.0 0.0 0.0 
68.875 0.0 0.0 0.0 0.0 0.0 0.0 
69.125 0.0 5.29064e-09 0.0 0.0 0.0 0.0 
69.375 0.0 3.705816e-09 0.0 0.0 5.14672e-09 0.0 
69.625 0.0 5.69572e-09 0.0 0.0 0.0 0.0 
69.875 0.0 4.13732e-09 0.0 0.0 0.0 0.0 
70.125 0.0 3.596836e-09 0.0 0.0 0.0 0.0 
70.375 0.0 1.415824e-08 0.0 0.0 0.0 0.0 
70.625 0.0 0.0 0.0 0.0 0.0 0.0 
70.875 0.0 0.0 0.0 0.0 0.0 0.0 
71.125 0.0 0.0 0.0 0.0 0.0 0.0 
71.375 0.0 4.34632e-09 0.0 0.0 0.0 0.0 
71.625 0.0 8.633536e-09 0.0 0.0 0.0 0.0 
71.875 0.0 5.13052e-09 0.0 0.0 0.0 0.0 
72.125 0.0 4.94104e-09 0.0 0.0 0.0 0.0 
72.375 0.0 0.0 0.0 0.0 0.0 0.0 
72.625 0.0 0.0 0.0 0.0 0.0 0.0 
72.875 0.0 4.5238e-09 0.0 0.0 0.0 0.0 
73.125 0.0 1.872476e-08 0.0 0.0 0.0 0.0 
73.375 0.0 6.75124e-09 0.0 0.0 0.0 0.0 
73.625 0.0 0.0 0.0 0.0 0.0 0.0 
73.875 0.0 8.66436e-09 0.0 0.0 0.0 0.0 
74.125 0.0 0.0 0.0 0.0 0.0 0.0 
74.375 0.0 2.4394632e-08 0.0 0.0 0.0 0.0 
74.625 0.0 0.0 0.0 0.0 0.0 0.0 
74.875 0.0 0.0 0.0 0.0 0.0 0.0 
75.125 0.0 1.120748e-08 0.0 0.0 0.0 0.0 
75.375 0.0 0.0 0.0 0.0 0.0 0.0 
75.625 0.0 0.0 0.0 0.0 0.0 0.0 
75.875 0.0 0.0 0.0 0.0 0.0 0.0 
76.125 0.0 4.33616e-09 0.0 0.0 0.0 0.0 
76.375 0.0 6.30344e-09 0.0 0.0 0.0 0.0 
76.625 0.0 4.13816e-09 0.0 0.0 0.0 0.0 
76.875 0.0 0.0 0.0 0.0 0.0 0.0 
77.125 0.0 2.195612e-08 0.0 0.0 0.0 0.0 
77.375 0.0 0.0 0.0 0.0 0.0 0.0 
77.625 0.0 0.0 0.0 0.0 0.0 0.0 
77.875 0.0 0.0 0.0 0.0 5.82844e-09 0.0 
78.125 0.0 6.95184e-09 0.0 0.0 0.0 0.0 
78.375 0.0 8.04088e-09 0.0 0.0 0.0 0.0 
78.625 0.0 0.0 0.0 0.0 0.0 0.0 
78.875 0.0 0.0 0.0 0.0 0.0 0.0 
79.125 0.0 0.0 0.0 0.0 0.0 0.0 
79.375 0.0 0.0 0.0 0.0 0.0 0.0 
79.625 0.0 0.0 0.0 0.0 0.0 0.0 
79.875 0.0 0.0 0.0 0.0 0.0 0.0 
80.125 0.0 0.0 0.0 0.0 0.0 0.0 
80.375 0.0 0.0 0.0 0.0 0.0 0.0 
80.625 0.0 0.0 0.0 0.0 0.0 0.0 
80.875 0.0 0.0 0.0 0.0 0.0 0.0 
81.125 0.0 7.65752e-09 0.0 0.0 0.0 0.0 
81.375 0.0 0.0 0.0 0.0 0.0 0.0 
81.625 0.0 1.04648e-08 0.0 0.0 0.0 0.0 
81.875 0.0 0.0 0.0 0.0 0.0 0.0 
82.125 0.0 0.0 0.0 0.0 0.0 0.0 
82.375 0.0 0.0 0.0 0.0 0.0 0.0 
82.625 0.0 0.0 0.0 0.0 0.0 0.0 
82.875 0.0 0.0 0.0 0.0 0.0 0.0 
83.125 0.0 0.0 0.0 0.0 0.0 0.0 
83.375 0.0 0.0 0.0 0.0 0.0 0.0 
83.625 0.0 5.83776e-09 0.0 0.0 0.0 0.0 
83.875 0.0 0.0 0.0 0.0 0.0 0.0 
84.125 0.0 0.0 0.0 0.0 0.0 0.0 
84.375 0.0 0.0 0.0 0.0 0.0 0.0 
84.625 0.0 0.0 0.0 0.0 0.0 0.0 
84.875 0.0 0.0 0.0 0.0 0.0 0.0 
85.125 0.0 5.39628e-09 0.0 0.0 0.0 0.0 
85.375 0.0 0.0 0.0 0.0 0.0 0.0 
85.625 0.0 0.0 0.0 0.0 0.0 0.0 
85.875 0.0 0.0 0.0 0.0 0.0 0.0 
86.125 0.0 5.75284e-09 0.0 0.0 0.0 0.0 
86.375 0.0 0.0 0.0 0.0 0.0 0.0 
86.625 0.0 0.0 0.0 0.0 0.0 0.0 
86.875 0.0 0.0 0.0 0.0 0.0 0.0 
87.125 0.0 0.0 0.0 0.0 0.0 0.0 
87.375 0.0 0.0 0.0 0.0 0.0 0.0 
87.625 0.0 7.67156e-09 0.0 0.0 0.0 0.0 
87.875 0.0 0.0 0.0 0.0 0.0 0.0 
88.125 0.0 0.0 0.0 0.0 0.0 0.0 
88.375 0.0 0.0 0.0 0.0 0.0 0.0 
88.625 0.0 0.0 0.0 0.0 0.0 0.0 
88.875 0.0 0.0 0.0 0.0 0.0 0.0 
89.125 0.0 0.0 0.0 0.0 0.0 0.0 
89.375 0.0 0.0 0.0 0.0 0.0 0.0 
89.625 0.0 0.0 0.0 0.0 0.0 0.0 
89.875 0.0 0.0 0.0 0.0 0.0 0.0 
90.125 0.0 0.0 0.0 0.0 0.0 0.0 
90.375 0.0 0.0 0.0 0.0 0.0 0.0 
90.625 0.0 0.0 0.0 0.0 0.0 0.0 
90.875 0.0 0.0 0.0 0.0 0.0 0.0 
91.125 0.0 0.0 0.0 0.0 0.0 0.0 
91.375 0.0 0.0 0.0 0.0 0.0 0.0 
91.625 0.0 0.0 0.0 0.0 0.0 0.0 
91.875 0.0 0.0 0.0 0.0 0.0 0.0 
92.125 0.0 6.43368e-09 0.0 0.0 7.88104e-09 0.0 
92.375 0.0 0.0 0.0 0.0 0.0 0.0 
92.625 0.0 0.0 0.0 0.0 0.0 0.0 
92.875 0.0 0.0 0.0 0.0 0.0 0.0 
93.125 0.0 0.0 0.0 0.0 0.0 0.0 
93.375 0.0 0.0 0.0 0.0 0.0 0.0 
93.625 0.0 0.0 0.0 0.0 0.0 0.0 
93.875 0.0 0.0 0.0 0.0 0.0 0.0 
94.125 0.0 0.0 0.0 0.0 0.0 0.0 
94.375 0.0 0.0 0.0 0.0 0.0 0.0 
94.625 0.0 0.0 0.0 0.0 0.0 0.0 
94.875 0.0 0.0 0.0 0.0 0.0 0.0 
95.125 0.0 0.0 0.0 0.0 0.0 0.0 
95.375 0.0 0.0 0.0 0.0 0.0 0.0 
95.625 0.0 0.0 0.0 0.0 0.0 0.0 
95.875 0.0 0.0 0.0 0.0 0.0 0.0 
96.125 0.0 0.0 0.0 0.0 0.0 0.0 
96.375 0.0 0.0 0.0 0.0 0.0 0.0 
96.625 0.0 0.0 0.0 0.0 0.0 0.0 
96.875 0.0 0.0 0.0 0.0 0.0 0.0 
97.125 0.0 0.0 0.0 0.0 0.0 0.0 
97.375 0.0 0.0 0.0 0.0 0.0 0.0 
97.625 0.0 0.0 0.0 0.0 0.0 0.0 
97.875 0.0 0.0 0.0 0.0 0.0 0.0 
98.125 0.0 0.0 0.0 0.0 0.0 0.0 
98.375 0.0 0.0 0.0 0.0 0.0 0.0 
98.625 0.0 0.0 0.0 0.0 0.0 0.0 
98.875 0.0 0.0 0.0 0.0 0.0 0.0 
99.125 0.0 0.0 0.0 0.0 0.0 0.0 
99.375 0.0 0.0 0.0 0.0 0.0 0.0 
99.625 0.0 0.0 0.0 0.0 0.0 0.0 
99.875 0.0 0.0 0.0 0.0 0.0 0.0 
100.125 0.0 0.0 0.0 0.0 0.0 0.0 
100.375 0.0 0.0 0.0 0.0 0.0 0.0 
100.625 0.0 0.0 0.0 0.0 0.0 0.0 
100.875 0.0 0.0 0.0 0.0 0.0 0.0 
101.125 0.0 0.0 0.0 0.0 0.0 0.0 
101.375 0.0 0.0 0.0 0.0 0.0 0.0 
101.625 0.0 0.0 0.0 0.0 0.0 0.0 
101.875 0.0 0.0 0.0 0.0 0.0 0.0 
102.125 0.0 0.0 0.0 0.0 0.0 0.0 
102.375 0.0 0.0 0.0 0.0 0.0 0.0 
102.625 0.0 0.0 0.0 0.0 0.0 0.0 
102.875 0.0 0.0 0.0 0.0 0.0 0.0 
103.125 0.0 0.0 0.0 0.0 0.0 0.0 
103.375 0.0 0.0 0.0 0.0 0.0 0.0 
103.625 0.0 0.0 0.0 0.0 0.0 0.0 
103.875 0.0 0.0 0.0 0.0 0.0 0.0 
104.125 0.0 0.0 0.0 0.0 0.0 0.0 
104.375 0.0 0.0 0.0 0.0 0.0 0.0 
104.625 0.0 0.0 0.0 0.0 0.0 0.0 
104.875 0.0 0.0 0.0 0.0 0.0 0.0 
105.125 0.0 0.0 0.0 0.0 0.0 0.0 
105.375 0.0 0.0 0.0 0.0 0.0 0.0 
105.625 0.0 0.0 0.0 0.0 0.0 0.0 
105.875 0.0 0.0 0.0 0.0 0.0 0.0 
106.125 0.0 0.0 0.0 0.0 0.0 0.0 
106.375 0.0 0.0 0.0 0.0 0.0 0.0 
106.625 0.0 0.0 0.0 0.0 0.0 0.0 
106.875 0.0 0.0 0.0 0.0 0.0 0.0 
107.125 0.0 0.0 0.0 0.0 0.0 0.0 
107.375 0.0 0.0 0.0 0.0 0.0 0.0 
107.625 0.0 0.0 0.0 0.0 0.0 0.0 
107.875 0.0 0.0 0.0 0.0 0.0 0.0 
108.125 0.0 0.0 0.0 0.0 0.0 0.0 
108.375 0.0 0.0 0.0 0.0 0.0 0.0 
108.625 0.0 0.0 0.0 0.0 0.0 0.0 
108.875 0.0 0.0 0.0 0.0 0.0 0.0 
109.125 0.0 0.0 0.0 0.0 0.0 0.0 
109.375 0.0 0.0 0.0 0.0 0.0 0.0 
109.625 0.0 0.0 0.0 0.0 0.0 0.0 
109.875 0.0 0.0 0.0 0.0 0.0 0.0 
110.125 0.0 0.0 0.0 0.0 0.0 0.0 
110.375 0.0 0.0 0.0 0.0 0.0 0.0 
110.625 0.0 0.0 0.0 0.0 0.0 0.0 
110.875 0.0 0.0 0.0 0.0 0.0 0.0 
111.125 0.0 0.0 0.0 0.0 0.0 0.0 
111.375 0.0 0.0 0.0 0.0 0.0 0.0 
111.625 0.0 0.0 0.0 0.0 0.0 0.0 
111.875 0.0 0.0 0.0 0.0 0.0 0.0 
112.125 0.0 0.0 0.0 0.0 0.0 0.0 
112.375 0.0 0.0 0.0 0.0 0.0 0.0 
112.625 0.0 0.0 0.0 0.0 0.0 0.0 
112.875 0.0 0.0 0.0 0.0 0.0 0.0 
113.125 0.0 0.0 0.0 0.0 0.0 0.0 
113.375 0.0 0.0 0.0 0.0 0.0 0.0 
113.625 0.0 0.0 0.0 0.0 0.0 0.0 
113.875 0.0 0.0 0.0 0.0 0.0 0.0 
114.125 0.0 0.0 0.0 0.0 0.0 0.0 
114.375 0.0 0.0 0.0 0.0 0.0 0.0 
114.625 0.0 0.0 0.0 0.0 0.0 0.0 
114.875 0.0 0.0 0.0 0.0 0.0 0.0 
115.125 0.0 0.0 0.0 0.0 0.0 0.0 
115.375 0.0 0.0 0.0 0.0 0.0 0.0 
115.625 0.0 0.0 0.0 0.0 0.0 0.0 
115.875 0.0 0.0 0.0 0.0 0.0 0.0 
116.125 0.0 0.0 0.0 0.0 0.0 0.0 
116.375 0.0 0.0 0.0 0.0 0.0 0.0 
116.625 0.0 0.0 0.0 0.0 0.0 0.0 
116.875 0.0 0.0 0.0 0.0 0.0 0.0 
117.125 0.0 0.0 0.0 0.0 0.0 0.0 
117.375 0.0 0.0 0.0 0.0 0.0 0.0 
117.625 0.0 0.0 0.0 0.0 0.0 0.0 
117.875 0.0 0.0 0.0 0.0 0.0 0.0 
118.125 0.0 0.0 0.0 0.0 0.0 0.0 
118.375 0.0 0.0 0.0 0.0 0.0 0.0 
118.625 0.0 0.0 0.0 0.0 0.0 0.0 
118.875 0.0 0.0 0.0 0.0 0.0 0.0 
119.125 0.0 0.0 0.0 0.0 0.0 0.0 
119.375 0.0 0.0 0.0 0.0 0.0 0.0 
119.625 0.0 0.0 0.0 0.0 0.0 0.0 
119.875 0.0 0.0 0.0 0.0 0.0 0.0 
120.125 0.0 0.0 0.0 0.0 0.0 0.0 
120.375 0.0 0.0 0.0 0.0 0.0 0.0 
120.625 0.0 0.0 0.0 0.0 0.0 0.0 
120.875 0.0 0.0 0.0 0.0 0.0 0.0 
121.125 0.0 0.0 0.0 0.0 0.0 0.0 
121.375 0.0 0.0 0.0 0.0 0.0 0.0 
121.625 0.0 0.0 0.0 0.0 0.0 0.0 
121.875 0.0 0.0 0.0 0.0 0.0 0.0 
122.125 0.0 0.0 0.0 0.0 0.0 0.0 
122.375 0.0 0.0 0.0 0.0 0.0 0.0 
122.625 0.0 0.0 0.0 0.0 0.0 0.0 
122.875 0.0 0.0 0.0 0.0 0.0 0.0 
123.125 0.0 0.0 0.0 0.0 0.0 0.0 
123.375 0.0 0.0 0.0 0.0 0.0 0.0 
123.625 0.0 0.0 0.0 0.0 0.0 0.0 
123.875 0.0 0.0 0.0 0.0 0.0 0.0 
124.125 0.0 0.0 0.0 0.0 0.0 0.0 
124.375 0.0 0.0 0.0 0.0 0.0 0.0 
124.625 0.0 0.0 0.0 0.0 0.0 0.0 
124.875 0.0 0.0 0.0 0.0 0.0 0.0 
125.125 0.0 0.0 0.0 0.0 0.0 0.0 
