# flux / 50 MeV / m^2 / 10^6 POTs @ ICARUS (110 m)
0.05 0.00029758 0.04436423 0.00000000 0.00006788 0.03488585 0.00000000
0.10 0.00080282 0.08126580 0.00000000 0.00012455 0.03446641 0.00000000
0.15 0.00100557 0.10134297 0.00000000 0.00012711 0.02057513 0.00000000
0.20 0.00090624 0.12439371 0.00000000 0.00009711 0.01445222 0.00000000
0.25 0.00086571 0.14397726 0.00000000 0.00008362 0.01200716 0.00000000
0.30 0.00088151 0.15633069 0.00000000 0.00007996 0.01080650 0.00000000
0.35 0.00088349 0.16218470 0.00000000 0.00008053 0.01036882 0.00000000
0.41 0.00086981 0.17117662 0.00000000 0.00008070 0.00974168 0.00000000
0.46 0.00085412 0.17961755 0.00000000 0.00007797 0.00891673 0.00000000
0.51 0.00082858 0.18445174 0.00000000 0.00007542 0.00802854 0.00000000
0.56 0.00079507 0.18455247 0.00000000 0.00007343 0.00722492 0.00000000
0.61 0.00077107 0.18377535 0.00000000 0.00007070 0.00675250 0.00000000
0.66 0.00073266 0.18212440 0.00000000 0.00006718 0.00625313 0.00000000
0.71 0.00070311 0.17855538 0.00000000 0.00006501 0.00580576 0.00000000
0.76 0.00067871 0.17495398 0.00000000 0.00006166 0.00541239 0.00000000
0.81 0.00063999 0.16984910 0.00000000 0.00005874 0.00493451 0.00000000
0.86 0.00061831 0.16312650 0.00000000 0.00005721 0.00452534 0.00000000
0.91 0.00058048 0.15500555 0.00000000 0.00005468 0.00423231 0.00000000
0.96 0.00056073 0.14528355 0.00000000 0.00005063 0.00387095 0.00000000
1.01 0.00052350 0.13671649 0.00000000 0.00004925 0.00355136 0.00000000
1.06 0.00050370 0.12874644 0.00000000 0.00004615 0.00325545 0.00000000
1.11 0.00048015 0.12092697 0.00000000 0.00004327 0.00305763 0.00000000
1.16 0.00045610 0.11266617 0.00000000 0.00004137 0.00285162 0.00000000
1.22 0.00043472 0.10336414 0.00000000 0.00004106 0.00266695 0.00000000
1.27 0.00040438 0.09367707 0.00000000 0.00004190 0.00247134 0.00000000
1.32 0.00038871 0.08442289 0.00000000 0.00003871 0.00226247 0.00000000
1.37 0.00036613 0.07565883 0.00000000 0.00003746 0.00203573 0.00000000
1.42 0.00034625 0.06718638 0.00000000 0.00003573 0.00185096 0.00000000
1.47 0.00032761 0.05923591 0.00000000 0.00003416 0.00170519 0.00000000
1.52 0.00031804 0.05181223 0.00000000 0.00002984 0.00156198 0.00000000
1.57 0.00029794 0.04474280 0.00000000 0.00003099 0.00140459 0.00000000
1.62 0.00028723 0.03814742 0.00000000 0.00002996 0.00125189 0.00000000
1.67 0.00026090 0.03224435 0.00000000 0.00002695 0.00112148 0.00000000
1.72 0.00024731 0.02683311 0.00000000 0.00002659 0.00099265 0.00000000
1.77 0.00023454 0.02247870 0.00000000 0.00002581 0.00087468 0.00000000
1.82 0.00022146 0.01832245 0.00000000 0.00002320 0.00077562 0.00000000
1.87 0.00020857 0.01495497 0.00000000 0.00002369 0.00067652 0.00000000
1.92 0.00019504 0.01226802 0.00000000 0.00002318 0.00058486 0.00000000
1.97 0.00018756 0.00992454 0.00000000 0.00002149 0.00051181 0.00000000
2.03 0.00017299 0.00812665 0.00000000 0.00002000 0.00044158 0.00000000
2.08 0.00016288 0.00668780 0.00000000 0.00001877 0.00037463 0.00000000
2.13 0.00014995 0.00544454 0.00000000 0.00001780 0.00032294 0.00000000
2.18 0.00014022 0.00450997 0.00000000 0.00001685 0.00028236 0.00000000
2.23 0.00013401 0.00379676 0.00000000 0.00001558 0.00024489 0.00000000
2.28 0.00012771 0.00328285 0.00000000 0.00001455 0.00020174 0.00000000
2.33 0.00011796 0.00286278 0.00000000 0.00001369 0.00016780 0.00000000
2.38 0.00011033 0.00252905 0.00000000 0.00001300 0.00014173 0.00000000
2.43 0.00010397 0.00230177 0.00000000 0.00001245 0.00012206 0.00000000
2.48 0.00009674 0.00211421 0.00000000 0.00001188 0.00010759 0.00000000
2.53 0.00009116 0.00196017 0.00000000 0.00001136 0.00008676 0.00000000
2.58 0.00008495 0.00184908 0.00000000 0.00001046 0.00007359 0.00000000
2.63 0.00007766 0.00175222 0.00000000 0.00000974 0.00006314 0.00000000
2.68 0.00007067 0.00166167 0.00000000 0.00000912 0.00005247 0.00000000
2.73 0.00006676 0.00159733 0.00000000 0.00000846 0.00004349 0.00000000
2.78 0.00006449 0.00153749 0.00000000 0.00000775 0.00003637 0.00000000
2.84 0.00006048 0.00147167 0.00000000 0.00000708 0.00003149 0.00000000
2.89 0.00005334 0.00142252 0.00000000 0.00000657 0.00002551 0.00000000
2.94 0.00004945 0.00137950 0.00000000 0.00000630 0.00002015 0.00000000
2.99 0.00004736 0.00133457 0.00000000 0.00000626 0.00001843 0.00000000
3.04 0.00000000 0.00000000 0.00000000 0.00000599 0.00000000 0.00000000
3.09 0.00000000 0.00000000 0.00000000 0.00000000 0.00000000 0.00000000
3.14 0.00000000 0.00000000 0.00000000 0.00000000 0.00000000 0.00000000
3.19 0.00000000 0.00000000 0.00000000 0.00000000 0.00000000 0.00000000
3.24 0.00000000 0.00000000 0.00000000 0.00000000 0.00000000 0.00000000
3.29 0.00000000 0.00000000 0.00000000 0.00000000 0.00000000 0.00000000
3.34 0.00000000 0.00000000 0.00000000 0.00000000 0.00000000 0.00000000
3.39 0.00000000 0.00000000 0.00000000 0.00000000 0.00000000 0.00000000
3.44 0.00000000 0.00000000 0.00000000 0.00000000 0.00000000 0.00000000
3.49 0.00000000 0.00000000 0.00000000 0.00000000 0.00000000 0.00000000
3.54 0.00000000 0.00000000 0.00000000 0.00000000 0.00000000 0.00000000
3.59 0.00000000 0.00000000 0.00000000 0.00000000 0.00000000 0.00000000
3.65 0.00000000 0.00000000 0.00000000 0.00000000 0.00000000 0.00000000
3.70 0.00000000 0.00000000 0.00000000 0.00000000 0.00000000 0.00000000
3.75 0.00000000 0.00000000 0.00000000 0.00000000 0.00000000 0.00000000
3.80 0.00000000 0.00000000 0.00000000 0.00000000 0.00000000 0.00000000
3.85 0.00000000 0.00000000 0.00000000 0.00000000 0.00000000 0.00000000
3.90 0.00000000 0.00000000 0.00000000 0.00000000 0.00000000 0.00000000
3.95 0.00000000 0.00000000 0.00000000 0.00000000 0.00000000 0.00000000
4.00 0.00000000 0.00000000 0.00000000 0.00000000 0.00000000 0.00000000
