# flux / 50 MeV / m^2 / 10^6 POTs @ MB (110 m)
0.05 0.00056598 0.07753998 0.00000000 0.00011380 0.06167678 0.00000000
0.10 0.00136552 0.13611735 0.00000000 0.00020470 0.05478681 0.00000000
0.15 0.00165678 0.16845839 0.00000000 0.00021261 0.03244329 0.00000000
0.20 0.00150128 0.20775660 0.00000000 0.00016247 0.02329699 0.00000000
0.25 0.00142914 0.23673854 0.00000000 0.00013740 0.01975950 0.00000000
0.30 0.00146407 0.25539815 0.00000000 0.00012924 0.01785436 0.00000000
0.35 0.00147464 0.26921734 0.00000000 0.00013203 0.01714963 0.00000000
0.41 0.00144947 0.28378052 0.00000000 0.00013103 0.01610918 0.00000000
0.46 0.00141208 0.29760265 0.00000000 0.00012730 0.01475412 0.00000000
0.51 0.00136485 0.30552929 0.00000000 0.00012344 0.01336326 0.00000000
0.56 0.00131009 0.30553066 0.00000000 0.00011964 0.01205465 0.00000000
0.61 0.00126781 0.30404942 0.00000000 0.00011528 0.01115096 0.00000000
0.66 0.00120173 0.30154318 0.00000000 0.00011014 0.01030234 0.00000000
0.71 0.00115742 0.29424800 0.00000000 0.00010605 0.00954344 0.00000000
0.76 0.00110776 0.28976986 0.00000000 0.00010063 0.00882181 0.00000000
0.81 0.00105812 0.28218706 0.00000000 0.00009537 0.00807012 0.00000000
0.86 0.00101365 0.26932007 0.00000000 0.00009302 0.00743760 0.00000000
0.91 0.00095850 0.25576560 0.00000000 0.00008830 0.00693697 0.00000000
0.96 0.00090852 0.23919539 0.00000000 0.00008270 0.00641163 0.00000000
1.01 0.00084987 0.22462503 0.00000000 0.00007901 0.00584438 0.00000000
1.06 0.00081774 0.21105852 0.00000000 0.00007380 0.00536477 0.00000000
1.11 0.00078667 0.19867117 0.00000000 0.00006952 0.00499803 0.00000000
1.16 0.00074148 0.18516806 0.00000000 0.00006788 0.00465040 0.00000000
1.22 0.00070547 0.16894748 0.00000000 0.00006722 0.00434722 0.00000000
1.27 0.00064940 0.15316500 0.00000000 0.00006711 0.00402746 0.00000000
1.32 0.00062923 0.13709145 0.00000000 0.00006295 0.00367943 0.00000000
1.37 0.00058404 0.12199879 0.00000000 0.00005996 0.00331970 0.00000000
1.42 0.00056075 0.10851236 0.00000000 0.00005727 0.00301515 0.00000000
1.47 0.00052804 0.09544287 0.00000000 0.00005310 0.00275394 0.00000000
1.52 0.00051382 0.08223543 0.00000000 0.00004937 0.00251265 0.00000000
1.57 0.00048137 0.07022333 0.00000000 0.00004958 0.00225337 0.00000000
1.62 0.00045893 0.05947256 0.00000000 0.00004686 0.00199810 0.00000000
1.67 0.00042135 0.05024829 0.00000000 0.00004416 0.00177431 0.00000000
1.72 0.00039540 0.04264104 0.00000000 0.00004241 0.00156834 0.00000000
1.77 0.00037686 0.03503382 0.00000000 0.00004013 0.00138311 0.00000000
1.82 0.00035489 0.02960884 0.00000000 0.00003745 0.00122814 0.00000000
1.87 0.00033105 0.02356634 0.00000000 0.00003687 0.00106923 0.00000000
1.92 0.00031420 0.01957872 0.00000000 0.00003665 0.00091886 0.00000000
1.97 0.00029968 0.01597758 0.00000000 0.00003387 0.00081071 0.00000000
2.03 0.00027701 0.01296033 0.00000000 0.00003181 0.00069001 0.00000000
2.08 0.00025854 0.01047028 0.00000000 0.00002965 0.00058329 0.00000000
2.13 0.00024108 0.00871852 0.00000000 0.00002785 0.00050776 0.00000000
2.18 0.00022268 0.00725627 0.00000000 0.00002659 0.00045484 0.00000000
2.23 0.00021364 0.00624216 0.00000000 0.00002475 0.00037661 0.00000000
2.28 0.00020220 0.00537381 0.00000000 0.00002303 0.00031348 0.00000000
2.33 0.00018723 0.00463907 0.00000000 0.00002156 0.00026180 0.00000000
2.38 0.00017582 0.00407781 0.00000000 0.00002078 0.00022452 0.00000000
2.43 0.00016412 0.00365933 0.00000000 0.00001998 0.00018946 0.00000000
2.48 0.00015241 0.00340774 0.00000000 0.00001846 0.00016607 0.00000000
2.53 0.00014651 0.00316428 0.00000000 0.00001847 0.00014105 0.00000000
2.58 0.00013159 0.00296872 0.00000000 0.00001673 0.00011471 0.00000000
2.63 0.00012126 0.00278563 0.00000000 0.00001501 0.00009997 0.00000000
2.68 0.00011219 0.00259913 0.00000000 0.00001434 0.00008141 0.00000000
2.73 0.00010551 0.00251062 0.00000000 0.00001317 0.00006729 0.00000000
2.78 0.00010111 0.00242441 0.00000000 0.00001225 0.00005673 0.00000000
2.84 0.00009358 0.00233159 0.00000000 0.00001122 0.00004851 0.00000000
2.89 0.00008384 0.00225124 0.00000000 0.00001020 0.00003982 0.00000000
2.94 0.00007861 0.00218994 0.00000000 0.00000993 0.00003138 0.00000000
2.99 0.00007578 0.00211164 0.00000000 0.00000986 0.00002798 0.00000000
3.04 0.00000000 0.00000000 0.00000000 0.00000929 0.00000000 0.00000000
3.09 0.00000000 0.00000000 0.00000000 0.00000000 0.00000000 0.00000000
3.14 0.00000000 0.00000000 0.00000000 0.00000000 0.00000000 0.00000000
3.19 0.00000000 0.00000000 0.00000000 0.00000000 0.00000000 0.00000000
3.24 0.00000000 0.00000000 0.00000000 0.00000000 0.00000000 0.00000000
3.29 0.00000000 0.00000000 0.00000000 0.00000000 0.00000000 0.00000000
3.34 0.00000000 0.00000000 0.00000000 0.00000000 0.00000000 0.00000000
3.39 0.00000000 0.00000000 0.00000000 0.00000000 0.00000000 0.00000000
3.44 0.00000000 0.00000000 0.00000000 0.00000000 0.00000000 0.00000000
3.49 0.00000000 0.00000000 0.00000000 0.00000000 0.00000000 0.00000000
3.54 0.00000000 0.00000000 0.00000000 0.00000000 0.00000000 0.00000000
3.59 0.00000000 0.00000000 0.00000000 0.00000000 0.00000000 0.00000000
3.65 0.00000000 0.00000000 0.00000000 0.00000000 0.00000000 0.00000000
3.70 0.00000000 0.00000000 0.00000000 0.00000000 0.00000000 0.00000000
3.75 0.00000000 0.00000000 0.00000000 0.00000000 0.00000000 0.00000000
3.80 0.00000000 0.00000000 0.00000000 0.00000000 0.00000000 0.00000000
3.85 0.00000000 0.00000000 0.00000000 0.00000000 0.00000000 0.00000000
3.90 0.00000000 0.00000000 0.00000000 0.00000000 0.00000000 0.00000000
3.95 0.00000000 0.00000000 0.00000000 0.00000000 0.00000000 0.00000000
4.00 0.00000000 0.00000000 0.00000000 0.00000000 0.00000000 0.00000000
