# flux / 50 MeV / m^2 / 10^6 POTs @ LAr1ND (110 m)
0.05 0.01736043 1.93551938 0.00000000 0.00427042 1.90350694 0.00000000
0.10 0.04300298 3.92693640 0.00000000 0.00679265 1.96674044 0.00000000
0.15 0.05682908 4.87387221 0.00000000 0.00694197 1.24101502 0.00000000
0.20 0.05275328 6.08289617 0.00000000 0.00522886 0.89155531 0.00000000
0.25 0.05036975 7.17952874 0.00000000 0.00440723 0.72994967 0.00000000
0.30 0.05055704 8.05483309 0.00000000 0.00410414 0.64147859 0.00000000
0.35 0.05021686 8.92116687 0.00000000 0.00405301 0.57764000 0.00000000
0.41 0.04972809 9.70062764 0.00000000 0.00399464 0.53050249 0.00000000
0.46 0.04718689 10.27284382 0.00000000 0.00383630 0.47954272 0.00000000
0.51 0.04543088 10.56709764 0.00000000 0.00372586 0.43502848 0.00000000
0.56 0.04313557 10.64629205 0.00000000 0.00358271 0.39541827 0.00000000
0.61 0.04095142 10.51872024 0.00000000 0.00337668 0.36225787 0.00000000
0.66 0.03889824 10.22777848 0.00000000 0.00320908 0.33261212 0.00000000
0.71 0.03646044 9.77808034 0.00000000 0.00306594 0.30700899 0.00000000
0.76 0.03426976 9.18400636 0.00000000 0.00296573 0.27875356 0.00000000
0.81 0.03206656 8.56670023 0.00000000 0.00284141 0.25169922 0.00000000
0.86 0.03031269 7.81387178 0.00000000 0.00271837 0.22851788 0.00000000
0.91 0.02821224 7.05296680 0.00000000 0.00257464 0.20579621 0.00000000
0.96 0.02677804 6.28733012 0.00000000 0.00241457 0.18571827 0.00000000
1.01 0.02513595 5.56477192 0.00000000 0.00233476 0.16765923 0.00000000
1.06 0.02373507 4.83988514 0.00000000 0.00217901 0.14777412 0.00000000
1.11 0.02195153 4.18875911 0.00000000 0.00205350 0.13171572 0.00000000
1.16 0.02067965 3.64269204 0.00000000 0.00198624 0.11628002 0.00000000
1.22 0.01949736 3.10367831 0.00000000 0.00196296 0.10455144 0.00000000
1.27 0.01805361 2.63280122 0.00000000 0.00195787 0.09276107 0.00000000
1.32 0.01723174 2.23239370 0.00000000 0.00185791 0.08112424 0.00000000
1.37 0.01618720 1.90556716 0.00000000 0.00171916 0.07085092 0.00000000
1.42 0.01550557 1.62721660 0.00000000 0.00159646 0.06209147 0.00000000
1.47 0.01451281 1.38096990 0.00000000 0.00149999 0.05501398 0.00000000
1.52 0.01360024 1.17970651 0.00000000 0.00144581 0.04803316 0.00000000
1.57 0.01291201 0.99463864 0.00000000 0.00142078 0.04130934 0.00000000
1.62 0.01219814 0.84944873 0.00000000 0.00137879 0.03557977 0.00000000
1.67 0.01148393 0.73021120 0.00000000 0.00122876 0.03107670 0.00000000
1.72 0.01047513 0.62386627 0.00000000 0.00119462 0.02747896 0.00000000
1.77 0.00994301 0.53277972 0.00000000 0.00117060 0.02444004 0.00000000
1.82 0.00930604 0.45996512 0.00000000 0.00114037 0.02134474 0.00000000
1.87 0.00881474 0.39912918 0.00000000 0.00111838 0.01849842 0.00000000
1.92 0.00831738 0.34436031 0.00000000 0.00099706 0.01625319 0.00000000
1.97 0.00781070 0.30004421 0.00000000 0.00095652 0.01387853 0.00000000
2.03 0.00725446 0.26357113 0.00000000 0.00088731 0.01174334 0.00000000
2.08 0.00694467 0.23094640 0.00000000 0.00085511 0.00996863 0.00000000
2.13 0.00640123 0.20373571 0.00000000 0.00079393 0.00837096 0.00000000
2.18 0.00598447 0.18169538 0.00000000 0.00075614 0.00735569 0.00000000
2.23 0.00546242 0.16358969 0.00000000 0.00068675 0.00621325 0.00000000
2.28 0.00512619 0.14714839 0.00000000 0.00063859 0.00528553 0.00000000
2.33 0.00484954 0.13354800 0.00000000 0.00060444 0.00446070 0.00000000
2.38 0.00440232 0.12260734 0.00000000 0.00056682 0.00386881 0.00000000
2.43 0.00418413 0.11343987 0.00000000 0.00052564 0.00329156 0.00000000
2.48 0.00394325 0.10538728 0.00000000 0.00050964 0.00280165 0.00000000
2.53 0.00357266 0.09885362 0.00000000 0.00048404 0.00242215 0.00000000
2.58 0.00339195 0.09311680 0.00000000 0.00046156 0.00211691 0.00000000
2.63 0.00316034 0.08805952 0.00000000 0.00043328 0.00179773 0.00000000
2.68 0.00293451 0.08337287 0.00000000 0.00038451 0.00154220 0.00000000
2.73 0.00270231 0.07950587 0.00000000 0.00035391 0.00125591 0.00000000
2.78 0.00245330 0.07619494 0.00000000 0.00032242 0.00104329 0.00000000
2.84 0.00226952 0.07277455 0.00000000 0.00030637 0.00093454 0.00000000
2.89 0.00213158 0.07039558 0.00000000 0.00028333 0.00079920 0.00000000
2.94 0.00199171 0.06762488 0.00000000 0.00026026 0.00067023 0.00000000
2.99 0.00186116 0.06496929 0.00000000 0.00024420 0.00058451 0.00000000
3.04 0.00175842 0.00000000 0.00000000 0.00000000 0.00000000 0.00000000
3.09 0.00000000 0.00000000 0.00000000 0.00000000 0.00000000 0.00000000
3.14 0.00000000 0.00000000 0.00000000 0.00000000 0.00000000 0.00000000
3.19 0.00000000 0.00000000 0.00000000 0.00000000 0.00000000 0.00000000
3.24 0.00000000 0.00000000 0.00000000 0.00000000 0.00000000 0.00000000
3.29 0.00000000 0.00000000 0.00000000 0.00000000 0.00000000 0.00000000
3.34 0.00000000 0.00000000 0.00000000 0.00000000 0.00000000 0.00000000
3.39 0.00000000 0.00000000 0.00000000 0.00000000 0.00000000 0.00000000
3.44 0.00000000 0.00000000 0.00000000 0.00000000 0.00000000 0.00000000
3.49 0.00000000 0.00000000 0.00000000 0.00000000 0.00000000 0.00000000
3.54 0.00000000 0.00000000 0.00000000 0.00000000 0.00000000 0.00000000
3.59 0.00000000 0.00000000 0.00000000 0.00000000 0.00000000 0.00000000
3.65 0.00000000 0.00000000 0.00000000 0.00000000 0.00000000 0.00000000
3.70 0.00000000 0.00000000 0.00000000 0.00000000 0.00000000 0.00000000
3.75 0.00000000 0.00000000 0.00000000 0.00000000 0.00000000 0.00000000
3.80 0.00000000 0.00000000 0.00000000 0.00000000 0.00000000 0.00000000
3.85 0.00000000 0.00000000 0.00000000 0.00000000 0.00000000 0.00000000
3.90 0.00000000 0.00000000 0.00000000 0.00000000 0.00000000 0.00000000
3.95 0.00000000 0.00000000 0.00000000 0.00000000 0.00000000 0.00000000
4.00 0.00000000 0.00000000 0.00000000 0.00000000 0.00000000 0.00000000
